-0.40635313939893775,-2.509905160602087,-4.107293182204161,-5.096358675798484,-5.361260751180093,-4.797325557413879,-3.3248957533046357,-0.8994714044395691,2.476773813923072,6.739670631619726,11.745800787193694,17.261321211249143,22.970085747790087,28.512230081252387,33.55013776803443,37.83836336982178,41.2655180730805,43.85088611240854,45.705057677225064,46.97939400666433,47.825386843240445,48.371848952951076,48.71748317252497,48.932655776506145,49.06496028421774,49.1452988278468,49.19303069574119,49.21982116501945,49.23231529944383,49.23391147257522,49.22590415421858,49.20820863633571,49.179818693819264,49.13909795556235,49.08396963722516,49.01204502748773,48.920715500934676,48.80722304084931,48.66871821840778,48.502310883095426,48.30511656455622,48.074300201956994,47.80711795797785,47.50095733403802,47.153375459533414,46.7621352099901,46.32523867665658,45.84095744021632,45.307859080847834,44.72482937776456,44.0910897079153,43.40620924066825,42.67011163774788,41.88307609950923,41.04573274317144,40.15905244870531,39.22433145627474,38.243171138259285,37.21745349235014,36.149313004457355,35.041105606987564,33.89537550681744,32.71482067703105,31.50225779787224,30.260587397522972,28.992759885616753,27.7017430961003,26.39049186598837,25.06192007774083,23.7188754903304,22.36411758207098,21.000298530843438,19.629947367649322,18.25545725979616,16.879075812011745,15.502898218176869,14.128863053259222,12.758750463966782,11.394182496721054,10.03662529157405,8.687392869260563,7.347652244206378,6.018429607521369,4.700617339382337,3.3949816284621415,2.1021704960511736,0.8227220432782416,-0.4429272394170136,-1.6944342412905775,-2.931541200465351,-4.154067977274125,-5.361904719624363,-6.555004993639897,-7.733379439741706,-8.897090002600486,-10.046244772828986,-11.180993468642864,-12.30152357674522,-13.40805716312232,-14.500848356035755,-15.580181495059996,-16.646369931401253,-17.699755455876335,-18.74070832184428,-19.769627821173703,-20.786943362181823,-21.793115989652833,-22.788640278830766,-23.774046527987764,-24.749903168057923,-25.716819303076726,-26.67544729181921,-27.626485278952217,-28.570679582864432,-29.5088268465472,-30.441775856682153,-31.370428933463746,-32.29574278849949,-33.218728739134825,-34.14045215344771,-35.06203097968302,-35.98463318589612,-36.909472899102745,-37.837804987670616,-38.77091777590245,-39.71012351631431,-40.656746174571246,-41.612106007379005,-42.57750033979337,-43.55417988303009,-44.54331988814694,-45.54598542071212,-46.56309008816261,-47.595347682806825,-48.643216453791624,-49.70683613092717,-50.78595843465001,-51.87987265830778,-52.98732902516037,-54.10646389525034,-55.23473246497384,-56.368856223503414,-57.50479386093325,-58.63774520615123,-59.76219765812911,-60.87202298712972,-61.96062894724734,-63.02116476016751,-64.04677256407749,-65.03086930730915,-65.96743676058419,-66.85129301863607,-67.67831850429712,-68.44561372600405,-69.15157437096195,-69.79588011338053,-70.37940448371873,-70.90406203083188,-71.3726142819403,-71.78845720619593,-72.1554105732218,-72.47752497188961,-72.75891669322803,-73.0036353483,-73.21556473724064,-73.39835442595789,-73.555377701237,-73.68971084156854,-73.80412866168462,-73.90111177433646,-73.98286172820707,-74.05132095894695,-74.10819522704635,-74.1549768570127,-74.19296761690379,-74.22330048673236,-74.24695987101408,-74.26480003185269,-74.27756167211855,-74.28588669958829,-74.29033126597938,-74.2913772105504,-74.28944205476193,-74.28488769869536,-74.27802796607916,-74.26913513611208,-74.2584455890325,-74.24616468006167,-74.23247094390892,-74.21751972006892,-74.20144627800074,-74.184368511128,-74.16638925949309,-74.1475983128251,-74.12807413868491,-74.1078853741558,-74.08709211416637,-74.0657470248766,-74.04389630654086,-74.02158052680454,-73.99883534242049,-73.97569212482185,-73.95217850280204,-73.92831883367953,-73.90413461272004,-73.87964482921448,-73.85486627643341,-73.82981382167017,-73.80450064172028,-73.77893842840385,-73.7531375681019,-73.72710729873249,-73.70085584712379,-73.67439054933962,-73.64771795616652,-73.62084392567435,-73.59377370450625,-73.56651199933302,-73.53906303971699,-73.5114306334664,-73.4836182154192,-73.45562889047342,-73.42746547157486,-73.39913051328136,-73.37062634144374,-73.34195507947429,-73.31311867161452,-73.2841189035615,-73.25495742076755,-73.2256357446884,-73.19615528722146,-73.16651736354535,-73.13672320354682,-73.10677396199766,-73.0766707276254,-73.04641453120357,-73.01600635277275,-72.98544712809014,-72.95473775439392,-72.92387909555852,-72.89287198670809,-72.86171723834744,-72.83041564006315,-72.79896796384125,-72.76737496704271,-72.73563739507334,-72.70375598378028,-72.67173146160413,-72.63956455151197,-72.60725597273427,-72.57480644232565,-72.54221667656762,-72.50948739222927,-72.47661930770025,-72.44361314400865,-72.41046962573536,-72.37718948183486,-72.3437734463717,-72.31022225918066,-72.27653666645794,-72.24271742128988,-72.20876528412501,-72.17468102319471,-72.14046541488719,-72.10611924407893,-72.07164330442748,-72.03703839862892,-72.00230533864315,-71.96744494588968,-71.93245805141649,-71.89734549604415,-71.86210813048726,-71.82674681545497,-71.79126242173236,-71.75565583024405,-71.71992793210147,-71.6840796286349,-71.64811183141161,-71.61202546224085,-71.5758214531668,-71.5395007464502,-71.50306429453946,-71.46651306003191,-71.4298480156259,-71.39307014406413,-71.356180438069,-71.31917990027024,-71.28206954312535,-71.2448503888332,-71.20752346924127,-71.17008982574671,-71.13255050919169,-71.09490657975316,-71.05715910682746,-71.0193091689099,-70.98135785346958,-70.94330625681965,-70.90515548398328,-70.86690664855536,-70.8285608725603,-70.79011928630597,-70.75158302823387,-70.71295324476593,-70.67423109014773,-70.63541772628855,-70.59651432259827,-70.55752205582111,-70.51844210986663,-70.47927567563768,-70.44002395085586,-70.40068813988415,-70.36126945354714,-70.32176910894876,-70.28218832928769,-70.24252834367044,-70.20279038692235,-70.16297569939634,-70.12308552677983,-70.0831211198995,-70.04308373452437,-70.00297463116695,-69.96279507488276,-69.92254633506818,-69.88222968525666,-69.84184640291357,-69.80139776922951,-69.76088506891224,-69.72030958997746,-69.67967262353824,-69.63897546359333,-69.59821940681444,-69.55740575233249,-69.51653580152285,-69.47561085778982,-69.43463222635022,-69.39360121401626,-69.35251912897779,-69.31138728058387,-69.2702069791239,-69.22897953560816,-69.18770626154814,-69.14638846873633,-69.10502746902593,-69.06362457411022,-69.02218109530195,-68.98069834331253,-68.93917762803136,-68.89762025830514,-68.85602754171737,-68.81440078436808,-68.77274129065378,-68.73105036304786,-68.68932930188126,-68.64757940512375,-68.60580196816572,-68.56399828360057,-68.52216964100774,-68.4803173267366,-68.43844262369106,-68.39654681111507,-68.3546311643791,-68.31269695476759,-68.27074544926748,-68.22877791035792,-68.18679559580112,-68.14479975843446,-68.10279164596399,-68.06077250075924,-68.01874355964956,-67.9767060537219,-67.93466120812015,-67.89261024184619,-67.85055436756255,-67.80849479139688,-67.76643271274814,-67.72436932409472,-67.68230581080445,-67.64024335094658,-67.59818311510578,-67.55612626619828,-67.51407395928996,-67.47202734141688,-67.4299875514078,-67.38795571970917,-67.34593296821228,-67.30392041008295,-67.2619191495935,-67.21993028195726,-67.1779548931656,-67.13599405982745,-67.09404884901149,-67.05212031809087,-67.01020951459074,-66.96831747603837,-66.92644522981603,-66.8845937930167,-66.84276417230262,-66.80095736376651,-66.75917435279588,-66.71741611394009,-66.67568361078041,-66.63397779580302,-66.59229961027495,-66.5506499841231,-66.5090298358162,-66.46744007224986,-66.42588158863468,-66.38435526838741,-66.34286198302517,-66.30140259206289,-66.25997794291368,-66.21858887079253,-66.17723619862298,-66.13592073694696,-66.09464328383785,-66.05340462481658,-66.01220553277092,-65.97104676787792,-65.92992907752948,-65.88885319626102,-65.71824444525453,-65.55208855851771,-65.39049629440527,-65.23352188775557,-65.08118444167299,-64.93348088884704,-64.79039377959234,-64.6518959616252,-64.5179534137088,-64.38852698825693,-64.26357350966866,-64.14304649173692,-64.026896629544,-63.915072157945,-63.80751913149052,-63.704181658554766,-63.60500210919994,-63.50992130827716,-63.418878720334234,-63.33181262984767,-63.24866031840055,-63.16935823925929,-63.09384218909841,-63.0220474762211,-62.9539090844191,-62.889361831542146,-62.828340521858124,-62.77078009135114,-62.71661574520339,-62.6657830868247,-62.618218237919784,-62.57385794921115,-62.532639701560136,-62.49450179734635,-62.45938344207532,-62.42722481628328,-62.39796713789734,-62.37155271528742,-62.34792499131448,-62.32702857873762,-62.30880928739156,-62.29321414358614,-62.28019140221218,-62.2696905520639,-62.26166231490785,-62.256058638843434,-62.25283268651075,-62.25193881870945,-62.25333257399733,-62.25697064484147,-62.2628108508975,-62.27081210999546,-62.28093440741425,-62.293138764030616,-62.307387203934574,-62.32364272211037,-62.3418692527913,-62.36203163910787,-62.38409560466155,-62.40802772767086,-62.43379541835183,-62.46136690021101,-62.49071119594471,-62.52179811865257,-62.554598269085844,-62.589083039659414,-62.62522462596061,-62.662996046486036,-62.70237117133051,-62.74332476052848,-62.78583251272586,-62.82987112482347,-62.875418363181694,-62.92245314691423,-62.97095564372323,-63.02090737863779,-63.072291355910984,-63.12509219420465,-63.17927362769837,-63.23481467701329,-63.29171051251653,-63.349938875395516,-63.40948153540741,-63.47034469947693,-63.532536148975495,-63.59606565677207,-63.6609453780677,-63.727190213940126,-63.794797598987216,-63.86376615577061,-63.93412771912806,-64.00591682739255,-64.07912958262678,-64.1538039553586,-64.22999102873735,-64.30769877762303,-64.38691424183055,-64.46766504048544,-64.5500312831458,-64.63408926859465,-64.71991073975911,-64.80747533365958,-64.89671461510277,-64.98764674671492,-65.08031211327493,-65.174766448043,-65.27101277027866,-65.36896917865617,-65.46853720685444,-65.56957894777817,-65.67190841457138,-65.77540136398832,-65.87993169005476,-65.98533250170472,-66.09130475638189,-66.19748465523249,-66.30359581956493,-66.40933550233447,-66.5144523843266,-66.61856739337803,-66.72136699165533,-66.82270109208102,-66.92242542521194,-67.02026599084371,-67.11605086199867,-67.20961510474021,-67.30098871498389,-67.39019968385375,-67.4772110826641,-67.56184364413762,-67.64397679955265,-67.72331334537894,-67.79979569254614,-67.8731528565282,-67.94335040691517,-68.01014069442456,-68.07355608260359,-68.13380345325687,-68.19100250133728,-68.24530124709447,-68.29664659623829,-68.34514486361597,-68.39068243360924,-68.43326381958785,-68.47281009017969,-68.50941103307795,-68.54308698041426,-68.57380924702694,-68.60172779822408,-68.6268414318554,-68.64915141801164,-68.66850673909202,-68.68488355075291,-68.69825661555876,-68.70866376262133,-68.71625293658155,-68.72075170278367,-68.72218075380952,-68.72036445904962,-68.7154912307304,-68.70798202428935,-68.69804948886504,-68.6857245628745,-68.67089368539145,-68.65375818553846,-68.6343342261463,-68.61283979264897,-68.58939803471009,-68.56380380949525,-68.53615805504336,-68.50656634554505,-68.47495762116401,-68.44126043944044,-68.40535477282512,-68.3675113503312,-68.32788622141425,-68.28642161089607,-68.24311266205545,-68.19797134405279,-68.15097586620449,-68.10185800827226,-68.0509303407971,-67.99816739967805,-67.94360295778785,-67.88707536000366,-67.82852648027291,-67.76811692258745,-67.70599644631999,-67.64224940310983,-67.57694196697568,-67.5100651336753,-67.44184029936831,-67.37212861459449,-67.30049666935388,-67.22693767906063,-67.15152781753955,-67.07447592866927,-66.99569720819969,-66.91534487602982,-66.83333555530677,-66.74992084217126,-66.6654197308216,-66.58004564744846,-66.49397286744288,-66.40715570897902,-66.31965303054967,-66.23137050992135,-66.14201223334094,-66.05168201611056,-65.96044440099234,-65.86836943520862,-65.77541999849423,-65.681692736334,-65.58733440647343,-65.49235830235001,-65.39675853979875,-65.30066606772529,-65.20402074722729,-65.10687799750596,-65.00935568631813,-64.91139439977071,-64.81319204100004,-64.7148687097716,-64.61627659120963,-64.51743705922354,-64.41853401370784,-64.31968182780325,-64.22096357838217,-64.12224653500395,-64.02343067494586,-63.92435433319427,-63.82502774348341,-63.72546733780026,-63.625572541956075,-63.525409633526664,-63.42507416805609,-63.32457626090847,-63.223868510534835,-63.123039628685746,-63.02211717162304,-62.920997854737706,-62.819772896645674,-62.718493749700755,-62.61722236699799,-62.51569167151858,-62.41385425582636,-62.311897552736305,-62.20996818614414,-62.10810749266128,-62.00625163405779,-61.90447728980407,-61.80287057287912,-61.701174432177055,-61.59923029756162,-61.497057191870816,-61.39478363601103,-61.29250736273439,-61.19030093199809,-61.08821631764618,-60.986249033932005,-60.884379162437725,-60.782613851082324,-60.6809011224376,-60.57924790436681,-60.47759116897525,-60.37594760490345,-60.274322853069044,-60.172713435332604,-60.071108319446914,-59.969490185663645,-59.86783644846322,-59.76603787454185,-59.6638045763656,-59.560998881545224,-59.457672668358484,-59.35379455633053,-59.24934585649194,-59.1442836247684,-59.03862766095948,-58.93238263870457,-58.82547194987139,-58.7178712656553,-58.60956745703283,-58.50044219523846,-58.390312690494504,-58.279186159590466,-58.16705329064248,-58.05389067303963,-57.93966273479942,-57.82428432635094,-57.707659187722214,-57.58973893157545,-57.470426822331305,-57.34961130648368,-57.22715884978611,-57.10299311436336,-56.97693048591254,-56.84884877254602,-56.71868212795761,-56.586347208718706,-56.45174462768874,-56.31470083404348,-56.17507131052234,-56.03272812985454,-55.887526456874845,-55.73930491672856,-55.58788563431362,-55.43303557459594,-55.274502551982515,-55.112072077834604,-54.94550735151633,-54.774501607329555,-54.59874102703395,-54.417931107848005,-54.23174676400817,-54.03983068039792,-53.841791160783664,-53.63719945750991,-53.42558655603845,-53.20643937396564,-52.979196319654164,-52.743242139887904,-52.49790196847288,-52.242433569460985,-51.97593716130432,-51.697489813960566,-51.406075086591,-51.100619077736454,-50.779922078413456,-50.44264338869352,-50.08728334669649,-49.712162138696115,-49.315394860652965,-48.89486218557963,-48.448175854006216,-47.97263804244525,-47.46519347305185,-46.92237290287981,-46.34022637068389,-45.71424428326632,-45.03926409743358,-44.30934489488884,-43.51760226598073,-42.65615401258289,-41.71587524425538,-40.68626233553858,-39.555130443510556,-38.308344502459086,-36.92952439721755,-35.39973703558455,-33.69720140138285,-31.79705472512017,-29.671263264460716,-27.288816157501046,-24.61642290839776,-21.620049787837953,-18.26777095563678,-14.534532721324245,-10.40941094163452,-5.905539836424843,-1.0717845570575442,3.996725434265393,9.154336556717698,14.212875812050644,18.96512238330961,23.219961332949186,26.837734840601883,29.752060657279635,31.970596432967223,33.557685627996214,34.60891338911739,35.22767710135408,35.5092906676766,35.53325626031075,35.36160273126968,35.04062501517074,34.60394154704108,34.07565701914247,33.47305481268933,32.80866178677343,32.0917509712822,31.329387615817378,30.52713840701915,29.689544248137896,28.820432280518464,27.923120828207857,27.00055393136144,26.055389920963474,25.09006010475964,24.106808038893732,23.107716188061076,22.094724390673715,21.069643001014477,20.034162580772026,18.98986136358276,17.938211293098306,16.880583157539704,15.81825116053468,14.752397146538192,13.684114618271305,12.61441262975164,11.544219602720995,10.47438709071271,9.40569349970837,8.338847764650847,7.274492975193841,6.21320994072688,5.155520683052223,4.101891844503493,3.052737999363647,2.008424856869939,0.969272344683864,-0.06444243768250213,-1.092482405445173,-2.1146478246689835,-3.130773807195298,-4.140727973532629,-5.144408292915385,-6.141741109926226,-7.132679367380083,-8.11720103554586,-9.095307758188296,-10.067023726294405,-11.032394790645574,-11.991487824543414,-12.944390347926323,-13.891210423755737,-14.83207683684125,-15.767139564151227,-16.696570544072465,-17.620564750003354,-18.539341571073155,-19.4531464996797,-20.362253121953685,-21.266965403234423,-22.1676202562383,-23.06459037488081,-23.958287311730995,-24.849164771861513,-25.73772209096528,-26.62450785788599,-27.510123636787892,-28.395227738141937,-29.28053897694926,-30.16684034632427,-31.054982520841765,-31.94588708590004,-32.84054936547707,-33.74004068930887,-34.64550989966417,-35.558183845232065,-36.47936654267561,-37.41043660253076,-38.352842412837056,-39.30809444908892,-40.277753931776246,-41.26341688391063,-42.26669245025112,-43.28917414536293,-44.33240250684424,-45.397817468533475,-46.48669868010622,-47.60009204290573,-48.7387210018428,-49.90288172670893,-51.092322366575665,-52.30610823545985,-53.542477219114076,-54.79869296171948,-56.070907447472834,-57.354049139107005,-58.64175720979722,-59.926385492824274,-61.19910003774484,-62.45008984254243,-63.66890002967957,-64.8448802212713,-65.96771988036691,-67.02802107391932,-68.0178434219074,-68.93115183405861,-69.76410832301565,-70.5151734384662,-71.18501466657132,-71.77624987430875,-72.293075749061,-72.74084000340405,-73.12561226990145,-73.45379597215614,-73.73180716983379,-73.96583082378092,-74.16165288986875,-74.32455896991716,-74.45928656793527,-74.57001734934104,-74.66039700242229,-74.73357244668796,-74.79223845563263,-74.8386879516027,-74.87486212059989,-74.90239792707672,-74.922671637592,-74.9368377242335,-74.9458630309376,-74.95055636790144,-74.95159388295413,-74.94954063337151,-74.94486881801198,-74.9379731202558,-74.92918356202293,-74.91877624776147,-74.90698233437256,-74.8939955086466,-74.8799781969969,-74.86506673076273,-74.8493756557376,-74.83300131206595,-74.81602481761516,-74.79851454845767,-74.78052819406798,-74.76211448413738,-74.7433146351373,-74.72416354799155,-74.70469080820541,-74.68492151483623,-74.66487697679275,-74.64457531066049,-74.62403194138561,-74.60326001395006,-74.58227073351898,-74.5610736626644,-74.53967697486776,-74.51808765482546,-74.49631166764469,-74.47435411261857,-74.45221935117917,-74.42991112124282,-74.40743263491926,-74.3847866513213,-74.36197553274475,-74.3390012966459,-74.31586567588865,-74.29257016037329,-74.26911602583516,-74.24550436738556,-74.22173612513375,-74.19781210402587,-74.17373299717627,-74.14949940432855,-74.12511184571635,-74.10057078317364,-74.07587662362194,-74.05102971587704,-74.02603036673793,-74.00087884611403,-73.97557537936797,-73.95012015797916,-73.92451336309612,-73.89875517025239,-73.87284574353463,-73.84678523402404,-73.82057378882631,-73.79421155414228,-73.76769866731792,-73.74103526188347,-73.71422147529486,-73.68725745096637,-73.6601433354875,-73.63287927643111,-73.60546542481066,-73.57790193264555,-73.55018895272231,-73.52232664677861,-73.4943151845933,-73.46615473813887,-73.43784548979644,-73.40938763556454,-73.38078137960053,-73.35202693128207,-73.32312450606078,-73.29407433007694,-73.26487664743227,-73.2355317238872,-73.20603983957736,-73.17640128459264,-73.14661636029334,-73.11668538126013,-73.08660867099825,-73.05638655945405,-73.02601938654027,-72.99550750424174,-72.96485127641985,-72.93405107946248,-72.90310730676767,-72.87202036752083,-72.84079068552252,-72.80941869931414,-72.77790486288778,-72.74624964492219,-72.71445352407744,-72.68251698801834,-72.65044053724918,-72.61822468827697,-72.58586997495844,-72.55337694569297,-72.52074615802287,-72.48797817711569,-72.45507357843208,-72.4220329514163,-72.38885689750812,-72.35554602787504,-72.32210096351832,-72.28852233520824,-72.25481078842643,-72.22096698683374,-72.1869916091193,-72.1528853479286,-72.11864890942188,-72.08428301161622,-72.0497883859725,-72.0151657753794,-71.98041593168375,-71.94553961841841,-71.91053761186896,-71.87541070174198,-71.84015969352524,-71.80478540767915,-71.76928867502093,-71.73367033672406,-71.69793124464941,-71.66207226010225,-71.6260942558356,-71.58999811787157,-71.55378474456391,-71.51745504649038,-71.48100994742404,-71.44445038295737,-71.40777729812949,-71.37099164711687,-71.33409439302254,-71.29708650770283,-71.25996897178783,-71.22274277544068,-71.18540891922835,-71.14796841256769,-71.11042227435662,-71.07277153566281,-71.035017238141,-70.99716043196109,-70.95920217634607,-70.92114353898025,-70.88298559591811,-70.84472943192182,-70.80637614028802,-70.76792682257651,-70.72938258805121,-70.69074455330359,-70.65201384282634,-70.61319158981433,-70.57427893571432,-70.53527702979069,-70.49618702918598,-70.45701009881329,-70.41774741077367,-70.37840014326194,-70.33896948065725,-70.2994566143755,-70.2598627423054,-70.22018906849333,-70.18043680311465,-70.14060716181437,-70.10070136554094,-70.0607206404716,-70.02066621779211,-69.98053933315015,-69.94034122634349,-69.90007314128253,-69.85973632597863,-69.8193320329785,-69.77886151901703,-69.73832604480347,-69.69772687539405,-69.6570652793582,-69.61634252835573,-69.57555989678806,-69.53471866146738,-69.49382010178684,-69.4528654992205,-69.41185613687351,-69.37079329939753,-69.32967827288252,-69.28851234473011,-69.2472968045126,-69.20603294367484,-69.16472205468483,-69.1233654307203,-69.08196436496739,-69.0405201505244,-68.99903408047625,-68.95750744814487,-68.91594154670754,-68.87433766864797,-68.83269710568334,-68.79102114901778,-68.74931108958161,-68.70756821770928,-68.66579382251984,-68.62398919188844,-68.58215561254895,-68.54029436967251,-68.49840674667601,-68.45649402526881,-68.41455748550595,-68.37259840585483,-68.33061806328242,-68.28861773337039,-68.24659869046607,-68.20456220787776,-68.16250955812428,-68.12044201325003,-68.07836084521844,-68.03626732639965,-67.9941627301707,-67.95204833165064,-67.90992540859776,-67.86779524250183,-67.82565911991216,-67.78351833405141,-67.74137418677714,-67.69922799096827,-67.65708107343245,-67.61493477845431,-67.57279047213495,-67.53064954771044,-67.48851343208364,-67.44638359386028,-67.40426155324614,-67.36214889423547,-67.32004727959216,-67.27795846917537,-67.23588434214676,-67.19382692343152,-67.15178841432433,-67.1097712260202,-67.0677780125374,-67.02581169500786,-66.98387546118488,-66.94197271086594,-66.90010690084588,-66.85828123159712,-66.81649813801876,-66.77475863619236,-66.73306174316942,-66.69140432311325,-66.64978161617063,-66.60818831515131,-66.56661968187488,-66.52507222561508,-66.4835438319206,-66.4420335354285,-66.40054118259671,-66.35906713290244,-66.17614740485054,-65.99794190737707,-65.82447785242266,-65.65574301871219,-65.49170431277064,-65.33231784701816,-65.17753433637289,-65.02730194289978,-64.88156773726084,-64.74027841284196,-64.60338059828409,-64.4708209573253,-64.3425461800489,-64.21850292344347,-64.09863773371006,-63.98289696846188,-63.87122672877567,-63.763572806256235,-63.6598806474008,-63.56009533579698,-63.464161591610136,-63.372023787156834,-63.28362597697187,-63.198911940564216,-63.11782523596568,-63.0403092621667,-62.96630732858099,-62.895762729767476,-62.828618823750524,-62.764819112409064,-62.70430732254508,-62.64702748638608,-62.592924020421776,-62.54194180161804,-62.494026240190315,-62.4491233482513,-62.40717980377319,-62.36814300942244,-62.33196114593345,-62.29858321978768,-62.26795910505536,-62.240039579338585,-62.214776353827794,-62.192122097547966,-62.17203045592725,-62.15445606386983,-62.13935455355641,-62.126682557231355,-62.11639770526503,-62.10845861980437,-62.10282490434474,-62.0994571295724,-62.09831681583957,-62.099366412645026,-62.102569275501374,-62.107889640577575,-62.11529259751186,-62.12474406079664,-62.13621074014351,-62.14966011024434,-62.165060380352536,-62.18238046411935,-62.20158995013142,-62.22265907360997,-62.245558689747575,-62.27026024917642,-62.29673577608122,-62.32495784949136,-62.354899588310154,-62.386534640657516,-62.41983717812858,-62.45478189559275,-62.49134401717599,-62.529499309086056,-62.56922409995296,-62.610495309364275,-62.65329048527588,-62.69758785097225,-62.74334927001101,-62.790547118016526,-62.83916529705956,-62.88917354499178,-62.94054367119669,-62.9932655885581,-63.047329656116815,-63.102726936844086,-63.159449456693466,-63.21749046539259,-63.27682817826612,-63.33744062774861,-63.39933166336845,-63.462506582101334,-63.526938794135795,-63.592635254920864,-63.65961354142408,-63.727856325584845,-63.797329913681594,-63.86803534230639,-63.94001915087981,-64.01332835903366,-64.08801117253171,-64.1640467156297,-64.2413830429697,-64.32004985557623,-64.40010798223918,-64.48164625199067,-64.56472805346799,-64.64936697595826,-64.73558466963011,-64.82339266718334,-64.91278447931833,-65.0038248109829,-65.09659335943981,-65.1911463866463,-65.28743043231287,-65.385327390757,-65.48477394216964,-65.58565372712798,-65.6878557353696,-65.7911078227782,-65.8951422216743,-65.999786485482,-66.10482603048922,-66.20988293675049,-66.31463819656612,-66.41875419098365,-66.52206505792799,-66.62440084612454,-66.72553367060404,-66.82510657364226,-66.92283239231809,-67.0182660671692,-67.11121461027956,-67.20129189432218,-67.28836215649024,-67.37209388729092,-67.45244758626339,-67.52957040936624,-67.60353402402991,-67.67444776753575,-67.7422280688517,-67.80695693270685,-67.86850193138137,-67.92685307262903,-67.98192052225407,-68.03378621775394,-68.0824650350129,-68.127924785679,-68.17031377355522,-68.20963024262335,-68.24587600953268,-68.2789012761285,-68.3086844179506,-68.33520302135834,-68.35849834257417,-68.37872231736338,-68.39560596481239,-68.40917439597952,-68.41925620122727,-68.4260449869442,-68.42996736347185,-68.43124103392917,-68.42990155408351,-68.42583971205008,-68.41926197285318,-68.41018911853153,-68.39884419861195,-68.38535507081723,-68.36952046407106,-68.35144600664587,-68.33124187653188,-68.30884109505466,-68.28417630223669,-68.25713142826439,-68.2279821352285,-68.19688888942237,-68.16379764137552,-68.12870737288134,-68.09163387593776,-68.0525590234812,-68.01121755881965,-67.96792664801166,-67.92266425389212,-67.87546768465036,-67.82617819724197,-67.7747408898791,-67.7213201624118,-67.6660693737669,-67.6090761362215,-67.55040972273358,-67.49006391378406,-67.42826351550274,-67.36487184256545,-67.29945679576775,-67.23201437358594,-67.16262372416526,-67.0914969695949,-67.01855150158141,-66.94394347654566,-66.86759157379724,-66.78975051313992,-66.71074245260085,-66.63078343776681,-66.55005009932133,-66.46849827529921,-66.386188701108,-66.303028370973,-66.21872203725486,-66.13337567893208,-66.04705579277203,-65.95983434884387,-65.8716757244633,-65.78267854103179,-65.69299165253555,-65.60262989142522,-65.51158883374246,-65.42000138905735,-65.32780861467222,-65.23506758591974,-65.14189803798877,-65.04824170927343,-64.95429866806454,-64.86019080245325,-64.76577101542364,-64.67106213910458,-64.57625017363874,-64.48145125583154,-64.38675007448191,-64.29201463794662,-64.19714587790469,-64.10198290217153,-64.00653751261711,-63.91082775493094,-63.8147542040604,-63.71838505278457,-63.62181789712662,-63.525064525666046,-63.42807899752901,-63.33095212575076,-63.23371330880104,-63.13626056883333,-63.03868736790631,-62.94104723857223,-62.84340429114482,-62.745492169542764,-62.647265332143554,-62.548914214189544,-62.450588247141944,-62.352331103984866,-62.25408085229574,-62.15591682284362,-62.05792786974646,-61.959858121533806,-61.861550827388044,-61.76302781612134,-61.66442102259358,-61.56583149688949,-61.46733506088634,-61.36898692931058,-61.27078567178683,-61.17271446387897,-61.07478380624936,-60.97694490199964,-60.879208301837295,-60.78151438439206,-60.683883813861115,-60.58632629849627,-60.488842540205574,-60.39142581875897,-60.29406327648502,-60.196736957357935,-60.09934201280394,-60.001592241093206,-59.903354787491196,-59.80468765998242,-59.70556543041355,-59.60597574051277,-59.50588217364084,-59.40531175492243,-59.30427666332744,-59.20270774118785,-59.1005888407154,-58.99791553520653,-58.894578100967124,-58.790402549330715,-58.68540659039688,-58.57959193151649,-58.47294676922935,-58.36544779015516,-58.25702259739679,-58.14758847383272,-58.03711178127255,-57.925511243660864,-57.81269176762331,-57.698537335551066,-57.58299076261639,-57.465888347237325,-57.34712973090063,-57.226672923872236,-57.104460155204954,-56.98041950033618,-56.85440659008283,-56.72630866392018,-56.596032278544016,-56.46346985325088,-56.32850032467893,-56.190989504690066,-56.05075153299045,-55.907585526414366,-55.76133325119755,-55.611819231724766,-55.458803358099765,-55.302044864790005,-55.14132961111189,-54.97642067900475,-54.807057651299104,-54.63295551054428,-54.45380316512517,-54.2692615993586,-54.07896163460417,-53.8825012788279,-53.679442632200356,-53.46930830587222,-53.25157639490308,-53.02559287721063,-52.790710741498465,-52.54622350124293,-52.291406605662814,-52.025454522014144,-51.747472367515705,-51.456465938693896,-51.15132993434068,-50.830834116186566,-50.49360709107773,-50.138117327715484,-49.76265093731019,-49.36528564784793,-48.94386028263579,-48.49593891148879,-48.01876867306694,-47.509230065005035,-46.96376298600381,-46.378262043856004,-45.74809443832041,-45.06793676610844,-44.33173339731374,-43.53249688327026,-42.66214848926414,-41.71133069486705,-40.66918858943302,-39.523118188657925,-38.258482141505645,-36.85829802591774,-35.302912940557746,-33.569692713708875,-31.63277830189514,-29.46300102156025,-27.028109274438805,-24.293550823552813,-21.224182293621936,-17.787432185001094,-13.958571645237296,-9.728701006714825,-5.115556739252578,-0.17592777718741637,4.98376213590321,10.20453701376554,15.285943302477774,20.01362338106701,24.197725534349416,27.708627184381793,30.495703172199555,32.583213284368256,34.04874385054478,34.99580707260326,35.53066957972007,35.747930487165455,35.72446042696787,35.519027868516474,35.17480645034987,34.72278972775411,34.185027734990626,33.57726475172997,32.910913920805086,32.19445194868528,31.434376538063198,30.635847048733616,29.80310729435328,28.939762500587303,28.048960284190592,27.13350909461043,26.195956112369043,25.238638905507507,24.263720091656545,23.27321097742292,22.268988037390315,21.25280473901931,20.22630034622294,19.191006769034562,18.148354158505263,17.09967570433842,16.046211933120237,14.989114698897637,13.929450987056256,12.868206605165012,11.80628980296158,10.744534842847571,9.683705528719715,8.624498692364318,7.567547631396629,6.513425489736508,5.462648570112316,4.415679567541778,3.3729307127784,2.3347668150735092,1.3015081941067315,0.2734334914582983,-0.7492176475463537,-1.7662420304471764,-2.777470521343565,-3.7827658002554356,-4.782020286841101,-5.775154237405333,-6.762114024487784,-7.742870608759015,-8.717418213428497,-9.685773211837844,-10.647973239318377,-11.604076540676047,-12.55416156476346,-13.498326817444187,-14.436690983783091,-15.369393329448034,-16.296594390030364,-17.218476955243272,-18.135247352712607,-19.04713703332782,-19.954404456883072,-20.857337273043388,-21.756254788565936,-22.651510707248324,-23.543496124320146,-24.432642752507597,-25.31942634997473,-26.20437031608165,-27.088049415938322,-27.97109358597967,-28.854191765217234,-29.738095687111972,-30.623623554492728,-31.511663503700454,-32.40317674282025,-33.299200220835154,-34.200848647863545,-35.10931563910354,-36.02587369422174,-36.95187264702783,-37.88873612467327,-38.83795543882349,-39.80108019145103,-40.77970471469539,-41.775449279821714,-42.789934806629,-43.82474960337615,-44.88140648058085,-45.961288439322296,-47.06558110105177,-48.19519019294126,-49.35064282221787,-50.531972095964136,-51.738586029161404,-52.96912379183398,-54.22130529531898,-55.49178393872997,-56.77601686279644,-58.06817180287842,-59.36109367638627,-60.64635595495695,-61.91441989043218,-63.15491705118954,-64.35705642570595,-65.51013732783709,-66.60412665288443,-67.63023922909274,-68.58144960751947,-69.45286767030979,-70.24192989565199,-70.94838874276117,-71.57411619860808,-72.12276504909158,-72.59934658723114,-73.00978468041187,-73.36049616063438,-73.65803147239257,-73.90879260596292,-74.11883109946578,-74.29371907889228,-74.43848098546927,-74.55757185242891,-74.65488863950321,-74.73380309372239,-74.7972070344453,-74.84756331571481,-74.88695780365113,-74.91714937400313,-74.93961617533819,-74.95559727230476,-74.96612937002236,-74.97207872780471,-74.97416857144769,-74.97300243456158,-74.96908389477669,-74.96283317128255,-74.95460104026922,-74.94468046217541,-74.93331626942603,-74.92071322393096,-74.90704272486738,-74.8924483794226,-74.87705061998942,-74.86095054824918,-74.84423312862359,-74.82696984166357,-74.80922089175014,-74.79103703723342,-74.77246112487003,-74.75352937325748,-74.7342724220625,-74.71471620914011,-74.6948827165728,-74.67479059590819,-74.65445569407757,-74.63389149485347,-74.61310948216075,-74.5921194386997,-74.57092970255438,-74.54954738675441,-74.52797856165613,-74.50622840587292,-74.48430133750908,-74.4622011302285,-74.43993102047264,-74.41749378417443,-74.39489178855713,-74.37212705470503,-74.3492013109593,-74.32611603588907,-74.30287249367447,-74.27947176035754,-74.25591475610634,-74.23220227161788,-74.20833498094483,-74.18431345995315,-74.160138211557,-74.13580967476071,-74.11132823246292,-74.08669421939632,-74.06190792053377,-74.03696957827115,-74.0118794043358,-73.9866375830824,-73.96124427137029,-73.93569961420502,-73.91000375387891,-73.88415682757788,-73.85815896365258,-73.83201028140608,-73.80571090232483,-73.77926095183678,-73.75266055200046,-73.72590982118966,-73.6990088804292,-73.6719578568518,-73.64475688199683,-73.61740609136291,-73.58990562295537,-73.56225561581907,-73.53445621546308,-73.50650757856558,-73.47840986805896,-73.4501632526442,-73.42176791176102,-73.39322403682647,-73.36453182979204,-73.33569150274681,-73.3067032814883,-73.27756740946357,-73.24828414872924,-73.21885377476782,-73.18927657120315,-73.15955282796472,-73.12968284449212,-73.09966693045526,-73.06950540513404,-73.03919860084552,-73.00874686600618,-72.97815056451074,-72.94741007195977,-72.91652577870825,-72.88549809024569,-72.85432742648162,-72.8230142243742,-72.79155893517516,-72.75996201986808,-72.72822394941039,-72.69634520644097,-72.66432628834562,-72.6321677084982,-72.59986999301118,-72.56743367933848,-72.53485931471437,-72.50214745544679,-72.46929866919847,-72.43631353630977,-72.40319264833992,-72.36993660835446,-72.33654603217906,-72.30302154799489,-72.2693637990966,-72.23557344594232,-72.20165116229605,-72.16759763499688,-72.13341356783522,-72.09909967767419,-72.0646566903324,-72.03008534121103,-71.99538637637556,-71.96056055630852,-71.9256086570881,-71.89053146781873,-71.855329788966,-71.82000443306907,-71.78455622335608,-71.74898599422296,-71.71329459274773,-71.67748287683285,-71.64155171568164,-71.60550199213405,-71.5693346025145,-71.53305045446707,-71.49665046589907,-71.46013556636105,-71.42350669577176,-71.38676480267935,-71.34991084397168,-71.31294578480544,-71.27587059972754,-71.23868627342034,-71.20139380122178,-71.16399418924082,-71.1264884544659,-71.08887762455774,-71.05116273603238,-71.0133448344662,-70.97542497628197,-70.9374042274352,-70.8992836614034,-70.86106435923698,-70.8227474106581,-70.7843339134652,-70.74582497273923,-70.70722170114696,-70.66852521962045,-70.62973665806537,-70.59085715493143,-70.551887857623,-70.51282992252852,-70.4736845128559,-70.4344527975901,-70.39513595166031,-70.35573515646972,-70.31625160097424,-70.27668648136206,-70.2370409999698,-70.19731636457509,-70.15751378822775,-70.11763448949318,-70.07767969234544,-70.03765062592458,-69.99754852398131,-69.95737462461567,-69.91713017075467,-69.87681640984836,-69.83643459368956,-69.79598597880603,-69.75547182565626,-69.71489339822683,-69.67425196369963,-69.63354879213374,-69.59278515663969,-69.5519623328899,-69.5110815986772,-69.47014423383244,-69.42915152011786,-69.38810474110092,-69.34700518300028,-69.30585413438814,-69.26465288534767,-69.22340272715911,-69.18210495160241,-69.14076085085667,-69.09937171756748,-69.05793884508712,-69.01646352708985,-68.97494705702127,-68.933390728017,-68.89179583281016,-68.85016366386625,-68.80849551381633,-68.76679267509681,-68.72505643943552,-68.6832880977287,-68.6414889396192,-68.59966025329692,-68.55780332553024,-68.5159194416989,-68.47400988583539,-68.43207594068153,-68.39011888776682,-68.34814000751578,-68.3061405793919,-68.26412188208656,-68.22208519376282,-68.18003179236497,-68.1379629560069,-68.09587996345495,-68.05378409472354,-68.01167663180617,-67.96955885956875,-67.92743206683858,-67.88529754772969,-67.84315660325498,-67.80101054328723,-67.75886068894678,-67.71670837551234,-67.6745549559757,-67.63240180539161,-67.59025032621162,-67.5481019548374,-67.50595816968566,-67.4638205011218,-67.42169054369202,-67.37956997115097,-67.3374605548262,-67.29536418583241,-67.25328290145873,-67.21121891552306,-67.16917465128917,-67.12715277307429,-67.08515620792357,-67.04318814023361,-67.00125194873158,-66.95935103847837,-66.91748851154956,-66.87566664622634,-66.83388625231959,-66.7921461362254,-66.75044302517358,-66.7087721666449,-66.66712841606211,-66.62550729518127,-66.58390558793884,-66.54232141111443,-66.50075396789363,-66.45920321732758,-66.4176695911721,-66.23491318052808,-66.05691186165001,-65.88368528937741,-65.71521655297363,-65.55146944393452,-65.39239782052708,-65.23795061669614,-65.08807447751894,-64.9427151080261,-64.8018179267573,-64.66532834586552,-64.53319185385482,-64.40535399813908,-64.28176032156628,-64.16235628326116,-64.0470871807549,-63.935898082679735,-63.82873377678586,-63.72553873532311,-63.62625709817214,-63.53083267309071,-63.439208951819985,-63.351329140431524,-63.267136202101234,-63.18657291041729,-63.10958191132806,-63.03610579188965,-62.966087154063494,-62.89946869192939,-62.836193270811144,-62.77620400695168,-62.719444346519424,-62.66585814287208,-62.61538973114633,-62.56798399937934,-62.523586455499284,-62.48214328964583,-62.44360143139706,-62.407908601586314,-62.37501335849027,-62.3448651382584,-62.317414289533886,-62.29261210228732,-62.2704108309472,-62.25076371196621,-62.2336249760096,-62.21894985499257,-62.206694584227684,-62.196816399972015,-62.18927353268722,-62.184025196344855,-62.18103157412492,-62.18025380086781,-62.181653942650144,-62.185194973863055,-62.19084075217858,-62.19855599179638,-62.20830623536926,-62.22005782501272,-62.233777872811636,-62.24943423124561,-62.26699546396519,-62.286430817363346,-62.30771019340046,-62.330804124157346,-62.3556837486088,-62.3823207921299,-62.41068754926864,-62.440756870342035,-62.472502152431254,-62.5058973353773,-62.540916903400586,-62.577535892985786,-62.61572990768932,-62.65547514053892,-62.69674840470106,-62.73952717309198,-62.78378962760002,-62.829497506324145,-62.87662317891616,-62.925150656389384,-62.97504973057647,-63.026292323928494,-63.07886861451484,-63.132769266748724,-63.18798569332348,-63.24451031800176,-63.30233683975385,-63.361443894341036,-63.421809988634095,-63.48343962668471,-63.546338814522244,-63.610481571868675,-63.675875673818496,-63.74253961203387,-63.81045686167573,-63.87959450758181,-63.949954560213435,-64.02158476089387,-64.09453335025445,-64.1688497658218,-64.24451405914537,-64.32147505321305,-64.39976351269232,-64.47944137502122,-64.56059856967036,-64.64329930111933,-64.72755752833251,-64.81339500739003,-64.90082296274086,-64.98983407202999,-65.08049198670874,-65.17287481269739,-65.26703645796525,-65.36291996055567,-65.46040279317585,-65.55941686712013,-65.65984042363479,-65.76155688507745,-65.86428809292111,-65.96776081822114,-66.07179833084317,-66.17618279495967,-66.2805340465049,-66.38453260624989,-66.48784192340379,-66.59029892683031,-66.69173751242067,-66.79193433991277,-66.89053735637923,-66.98726463889322,-67.08167623412888,-67.17358427095805,-67.26260726151189,-67.34861379571156,-67.43127615218363,-67.51055825252283,-67.5866102379224,-67.65950628595763,-67.72935785382242,-67.79608311838929,-67.85976556374635,-67.92027396935896,-67.97759935081757,-68.0316526964057,-68.08251662073809,-68.1302065422689,-68.17469070307257,-68.2161177459184,-68.25448617135021,-68.28979798412323,-68.32190351552376,-68.35078121940239,-68.37640871698851,-68.39882726127927,-68.41818875159849,-68.4342241484152,-68.44695847316784,-68.45622020833706,-68.46220282653924,-68.46533278699106,-68.46582763627377,-68.46372276678764,-68.45890879508788,-68.45159199770747,-68.44179296653776,-68.42973455031517,-68.41554440523808,-68.39902106214072,-68.38026993760302,-68.35940099632509,-68.33634704931842,-68.31104052331455,-68.28336513397963,-68.2535963177139,-68.22189432214701,-68.18820488672891,-68.15252678036285,-68.11487558248452,-68.07523295559687,-68.03333343955052,-67.98949397987906,-67.94369233465108,-67.89596560729849,-67.84615485767038,-67.79420498366164,-67.74028018058134,-67.68453360843297,-67.62705268735469,-67.56790650248453,-67.50708865203663,-67.44482375567982,-67.3809749579492,-67.31510999769013,-67.24722469406572,-67.17739801614009,-67.1058419070322,-67.03247359439442,-66.95744906426356,-66.88068683776072,-66.8024414668584,-66.72303494615102,-66.64268316852333,-66.56156261848166,-66.47962899940126,-66.39694290908102,-66.31341121150292,-66.2287385351047,-66.1430307175646,-66.05635411887508,-65.96878057447955,-65.88027433311191,-65.79093388318391,-65.700907946459,-65.61021123124675,-65.51883919093704,-65.4269246077702,-65.33440842147252,-65.241347584635,-65.14786170843695,-65.05389241613614,-64.95963964975445,-64.86522517737988,-64.77050179433218,-64.6754922152912,-64.58038231621825,-64.48528811510761,-64.39029418445037,-64.29526842587683,-64.20011165975903,-64.1046628825023,-64.00893377328474,-63.912942253738095,-63.81658877873443,-63.71994141029209,-63.62309761172952,-63.52606904248317,-63.42880963326092,-63.3314100593788,-63.233899583514734,-63.13617609606363,-63.03833291362409,-62.94042342375712,-62.8425115890361,-62.744330919411205,-62.64583572047269,-62.54721625829211,-62.448621796181236,-62.350095842524766,-62.251576302018506,-62.15314232970138,-62.05488259994149,-61.95654107595356,-61.85796082680169,-61.759163483070864,-61.660280769302176,-61.56141352229427,-61.462637346735136,-61.36400723542784,-61.265521532789656,-61.16716318237577,-61.06894244296332,-60.97081027081539,-60.87277695659503,-60.77478261356804,-60.676847624755524,-60.57898140743419,-60.481184361911886,-60.38344945489224,-60.285763503303976,-60.1881082124836,-60.09037838611753,-59.99228746904102,-59.89370222170307,-59.794680233775736,-59.695195644377144,-59.595235639371886,-59.49476332424861,-59.39380521650221,-59.2923729622553,-59.1903968484132,-59.08786013683398,-58.98475777687591,-58.88097939333305,-58.77635031122038,-58.67088749685377,-58.56459187047653,-58.457450794772804,-58.349440072034895,-58.24048636937006,-58.13050597399817,-58.01946418272421,-57.907278587837546,-57.79385288856596,-57.67906977780064,-57.56287068502796,-57.44509043268931,-57.32562707176442,-57.20443689847635,-57.08146030077229,-56.95662337444118,-56.829779624356895,-56.700813993452755,-56.56963055650215,-56.436119051183596,-56.300155513279265,-56.16160261272612,-56.020271085363845,-55.875956350534814,-55.72849614622519,-55.57771060934142,-55.423354849265245,-55.26518287532638,-55.10297482428637,-54.93648750756317,-54.765453626546844,-54.58958059993989,-54.408549008557856,-54.22201065276162,-54.02958620777121,-53.83086245219643,-53.625389034884016,-53.41267473428848,-53.192182247979424,-52.963240390853684,-52.72518295586809,-52.4772819492313,-52.21878866172685,-51.94887037317023,-51.66660153466643,-51.370953271158406,-51.06078098575926,-50.734809792215415,-50.391617437823975,-50.029614303888486,-49.647019981629136,-49.241835815213875,-48.811812676626126,-48.354413085355894,-47.86676660496977,-47.34561723398135,-46.78724598669998,-46.187362072903476,-45.54111580277114,-44.84292952929872,-44.08644903814839,-43.26433582132522,-42.36809817873977,-41.38789302345782,-40.31229553343698,-39.12803525062532,-37.81970029906716,-36.369417181727776,-34.7565238659301,-32.957271278179704,-30.944616964853385,-28.688220407502932,-26.154820122462755,-23.309276632628315,-20.116705676115444,-16.546282930371937,-12.577395805996263,-8.208657298107479,-3.4695541634701677,1.567151907335104,6.776607285637513,11.983032407264133,16.976533334064232,21.545668839345588,25.516980398476065,28.78650180848234,31.33084164124716,33.19590164144328,34.47174220345954,35.26555871748034,35.68118740238194,35.80773988295336,35.71585629931418,35.45864364150531,35.074702953434404,34.591590439867986,34.028895204294024,33.40065148319206,32.71710057211078,31.985924002727476,31.21307913439406,30.403354621124905,29.560735501646242,28.6886418481842,27.79008461986522,26.86776773096196,25.924155304672734,24.96151640633425,23.98195519277792,22.987431601207557,21.979775892860708,20.960699204787844,19.93180151399713,18.894577932594142,17.85042393554321,16.800639914219616,15.746435310903415,14.688932497489537,13.629170500340528,12.568108632251201,11.506630065272683,10.445545360233849,9.385595957223769,8.32745762403546,7.271743855226493,6.219009212061087,5.169752592488721,4.1244204200151895,3.083409740504343,2.047071216382777,1.0157120082472069,-0.010401465611952432,-1.0310409008274932,-2.04601361846641,-3.055160225033836,-4.0583524295694815,-5.055491026584981,-6.046504053870871,-7.031345134586802,-8.00999201350377,-8.982445297749072,-9.94872741286453,-10.908881785369708,-11.86297226326391,-12.811082785938913,-13.753317314743875,-14.689800034880252,-15.620675838350103,-16.54611109628533,-17.46629472711195,-18.381439564630806,-19.291784027223155,-20.19759408603356,-21.09916552618062,-21.996826490849134,-22.890940293582336,-23.78190847927137,-24.670174109796008,-25.556225243149676,-26.440598570525534,-27.32388317071823,-28.2067243321474,-29.08982738482067,-29.973961474217255,-30.859963195658175,-31.748739990251252,-32.64127318053361,-33.53862049376335,-34.441917881420586,-35.35238039256635,-36.27130179373118,-37.20005254626817,-38.1400756509281,-39.09287974643334,-40.06002870258942,-41.043126779292,-42.04379822962766,-43.063660024406246,-44.10428617364278,-45.16716193958919,-46.253626114611635,-47.364799544368154,-48.501498289232536,-49.664130325114286,-50.852575643505766,-52.06605118089892,-53.30296433262275,-54.56076199684871,-55.83578614149251,-57.12315154765768,-58.416666062565874,-59.70881733979285,-60.99085110670975,-62.252962657174336,-63.48461390472587,-64.67497237495046,-65.81344729957304,-66.89027538165932,-67.8970908456193,-68.82740747670125,-69.6769486865916,-70.44378479901663,-71.12826916190778,-71.73279755897477,-72.26144008158853,-72.719505972406,-73.1130997136488,-73.44871444949774,-73.73289205681372,-73.97196266651996,-74.1718632821378,-74.3380265777388,-74.47532668944201,-74.58806781006443,-74.6800025173539,-74.75436894014395,-74.81393827522521,-74.86106650649306,-74.89774618473598,-74.92565562994663,-74.94620406114805,-74.96057195838092,-74.96974650114211,-74.9745522537089,-74.97567744863564,-74.97369631624667,-74.9690879341587,-74.96225206587708,-74.95352241862167,-74.9431777114207,-74.93145089623992,-74.91853682708175,-74.90459863041502,-74.88977299682846,-74.8741745784757,-74.85789964261411,-74.84102910980602,-74.82363107229745,-74.80576288555038,-74.7874729180252,-74.76880201557964,-74.74978470974163,-74.73045021596661,-74.71082327065083,-74.69092484259177,-74.67077273161442,-74.65038206815385,-74.6297657259237,-74.60893466151245,-74.58789821061893,-74.566664334918,-74.54523982258051,-74.52363046205345,-74.50184119159773,-74.47987622440681,-74.45773916658632,-74.43543311466686,-74.41296071657597,-74.39032422609176,-74.36752556908672,-74.34456639583233,-74.32144811753903,-74.29817193763566,-74.27473888313814,-74.25114983364395,-74.2274055407095,-74.20350664624681,-74.17945370243658,-74.15524719214316,-74.13088753950728,-74.10637511161607,-74.08171022249941,-74.05689314403787,-74.03192410792985,-74.00680330866808,-73.98153091477182,-73.95610708093105,-73.93053195649054,-73.9048056807008,-73.8789283837398,-73.85290019100452,-73.82672122179902,-73.80039159422502,-73.77391142714359,-73.74728083859782,-73.7204999491378,-73.69356888220095,-73.66648776511245,-73.63925672885729,-73.61187590552794,-73.5843454292239,-73.5566654417464,-73.52883609150462,-73.50085753361033,-73.47272993294303,-73.44445346377788,-73.41602830979578,-73.38745466245395,-73.35873272201864,-73.32986270067794,-73.30084483015118,-73.27167936169147,-73.2423665599096,-73.2129066994045,-73.18330006412685,-73.15354694809554,-73.12364765369267,-73.09360249165888,-73.06341178394368,-73.03307586637246,-73.00259508887456,-72.97196981527853,-72.94120042413849,-72.91028730976525,-72.8792308804374,-72.84803155959052,-72.81668978796407,-72.78520601796946,-72.75358071011996,-72.72181433587222,-72.68990738027726,-72.6578603455156,-72.6256737499489,-72.59334812306491,-72.56088400381827,-72.52828193924165,-72.495542487742,-72.46266622172959,-72.42965372438674,-72.39650558920337,-72.36322242083746,-72.32980483545833,-72.29625346484812,-72.26256895848432,-72.22875198043488,-72.19480320753722,-72.16072333054707,-72.12651305525412,-72.09217309905597,-72.05770418827308,-72.02310705902985,-71.98838246014056,-71.95353115504555,-71.91855392172559,-71.88345155253255,-71.84822485190202,-71.81287463481861,-71.77740172696136,-71.74180696536824,-71.70609119807855,-71.6702552845989,-71.63430009770471,-71.59822652307133,-71.56203545938631,-71.52572781702791,-71.48930451697595,-71.45276649095274,-71.41611467971073,-71.37935003279301,-71.34247350831694,-71.30548607314293,-71.26838870457642,-71.23118239027966,-71.19386812736032,-71.15644692401399,-71.11891980063854,-71.08128778697139,-71.04355192108805,-71.00571325113181,-70.96777283480566,-70.92973173847717,-70.89159103639051,-70.85335181133242,-70.81501515480633,-70.776582165719,-70.73805395052457,-70.69943162394928,-70.66071630973771,-70.6219091401803,-70.58301125572903,-70.54402380585026,-70.5049479481034,-70.465784846322,-70.4265356703067,-70.38720159638777,-70.34778380823263,-70.30828349657084,-70.26870185883905,-70.22904009842259,-70.18929942405585,-70.1494810500867,-70.10958619638478,-70.06961608811028,-70.02957195516574,-69.98945503188008,-69.94926655702456,-69.9090077742631,-69.86867993182668,-69.82828428231565,-69.7878220830779,-69.74729459539364,-69.70670308406417,-69.6660488170722,-69.62533306525843,-69.58455710249176,-69.54372220517656,-69.50282965180915,-69.46188072289387,-69.42087670083538,-69.37981886981218,-69.33870851662226,-69.2975469303858,-69.25633540170358,-69.2150752223441,-69.17376768454784,-69.13241408092837,-69.09101570454162,-69.04957384912832,-69.008089808732,-68.96656487715148,-68.92500034786316,-68.88339751393228,-68.84175766848227,-68.8000821048943,-68.75837211593168,-68.7166289934867,-68.6748540286798,-68.63304851143913,-68.59121373030489,-68.5493509724671,-68.50746152380745,-68.46554666895244,-68.4236076913444,-68.38164587333766,-68.33966249632726,-68.29765884091844,-68.25563618714594,-68.21359581475373,-68.17153900354731,-68.12946703383288,-68.08738118696061,-68.04528274599242,-68.00317299651925,-67.9610532276582,-67.91892473326652,-67.87678881341843,-67.83464677620103,-67.79249993989976,-67.75034963566061,-67.7081972107384,-67.66604403246735,-67.62389149312477,-67.58174101590089,-67.53959406223964,-67.4974521408768,-67.45531681897106,-67.41318973579546,-67.3710726195146,-67.32896730758563,-67.28687577122,-67.24480014399931,-67.2027427539016,-67.16070615620819,-67.11869316122134,-67.0767068441592,-67.03475051350198,-66.9928275982545,-66.9509413997541,-66.9090946590515,-66.86728895168008,-66.82552406198161,-66.78379765122254,-66.74210553749683,-66.70044260700303,-66.65880395564238,-66.61718573346799,-66.57558544643764,-66.53400182670973,-66.49243451834319,-66.45088376256855,-66.4093501584829,-66.22707050704376,-66.04964337755482,-65.87706227400571,-65.7092948999166,-65.54629561974157,-65.38801215441512,-65.23438912237928,-65.08536986867944,-64.94089736903796,-64.80091463663162,-64.66536486470523,-64.53419143296534,-64.4073378485794,-64.28474766126995,-64.16636437454113,-64.0521313651663,-63.941991817317174,-63.835888674307036,-63.73376460886208,-63.635562011578074,-63.54122299645403,-63.45068942194018,-63.363902925685494,-63.28080497105394,-63.20133690345404,-63.12544001456519,-63.05305561262595,-62.98412509706048,-62.918590035848986,-62.856392244188825,-62.79747386313981,-62.741777437095095,-62.68924598906549,-62.63982309290716,-62.59345294175903,-62.55008041208536,-62.50965112283973,-62.47211148937929,-62.437408771861016,-62.40549111794595,-62.376307599722196,-62.34980824483342,-62.32594406186683,-62.30466706011363,-62.28593026386619,-62.26968772146018,-62.255894509307296,-62.24450673119557,-62.23548151316022,-62.22877699424927,-62.22435231352562,-62.222167593660686,-62.22218392148647,-62.22436332588144,-62.22866875337366,-62.235064041850904,-62.24351389277431,-62.25398384229832,-62.266440231707094,-62.28085017758578,-62.297181542154725,-62.31540290420596,-62.33548353109476,-62.35739335225401,-62.38110293471648,-62.40658346114907,-62.43380671092363,-62.46274504477104,-62.493371393588966,-62.52565925199205,-62.55958267721857,-62.59511629402851,-62.63223530624405,-62.67091551559725,-62.71113334855846,-62.752865891821706,-62.796090937118734,-62.84078703602045,-62.88691594614462,-62.934450390526806,-62.98337505284349,-63.03366014077674,-63.0852781188775,-63.13822014961316,-63.19247794598002,-63.248044047219246,-63.30491209412488,-63.36307710454928,-63.42251886066658,-63.48321712326166,-63.54517818918042,-63.60840997093416,-63.672887980798016,-63.738622128933265,-63.80563329529987,-63.87390688918281,-63.94341176747116,-64.01415230287947,-64.08617930552136,-64.15954407800693,-64.23429908290863,-64.31042627241976,-64.3878757338269,-64.46668041347708,-64.54690448869177,-64.62864000069075,-64.7119521831526,-64.79685437847225,-64.88336669822857,-64.9714971767907,-65.0612333807963,-65.15263298168337,-65.2457661772933,-65.34067631526698,-65.43729197907626,-65.53547315622957,-65.63513328074526,-65.73613028774692,-65.83832713457079,-65.94142421782996,-66.04512927446687,-66.1492509985884,-66.25356087876055,-66.35767177977442,-66.46126325908193,-66.56400285026179,-66.66573700350567,-66.76631229421115,-66.86551999130229,-66.96302347460538,-67.05855699061301,-67.15169605182932,-67.24226803427712,-67.32990502331634,-67.4144881421901,-67.49570036433231,-67.57351511068566,-67.64809065136613,-67.71950784301073,-67.78788365125529,-67.85314066794332,-67.91536601515214,-67.97443134069123,-68.03032997449914,-68.08297471710254,-68.1324496090864,-68.17877115027537,-68.22190838558791,-68.26201053698772,-68.29907649759203,-68.33310851216821,-68.36395703106149,-68.39160051639546,-68.4160165125789,-68.43724612221602,-68.45544103184089,-68.47033197601637,-68.48194368073945,-68.49010431817122,-68.49500698927504,-68.49707775029762,-68.49653376501587,-68.49341005518227,-68.48759687054174,-68.47930007742846,-68.4685398788585,-68.45553871089456,-68.4404238338795,-68.42299342055018,-68.40335248668134,-68.38161060103526,-68.35770020420082,-68.33155335113314,-68.30305339066561,-68.27247534569014,-68.23997908039827,-68.2055099871254,-68.16906648269531,-68.13066379669202,-68.09028325121267,-68.04765908023244,-68.00310784344263,-67.95660697611115,-67.90819325532131,-67.85770744693342,-67.80509413928851,-67.75051719202455,-67.69412944382037,-67.63601801439825,-67.5762516996992,-67.5148238269444,-67.45195871643766,-67.38751927908413,-67.32107306083432,-67.25261561126791,-67.18222562232958,-67.11011474826502,-67.03619998555779,-66.96063705311752,-66.88334425180005,-66.8045758611143,-66.72465360647786,-66.64379314445104,-66.56217074053251,-66.47974192377417,-66.39656710017876,-66.31255297121547,-66.22740403410015,-66.14122591733235,-66.05408478419119,-65.96605227633626,-65.87709247116973,-65.7873036616608,-65.69683436970475,-65.60569913368903,-65.51389324113651,-65.42154928319917,-65.32860804836831,-65.23512631376973,-65.14122350489238,-65.04684109632433,-64.95217882912031,-64.85735829148668,-64.76223215370186,-64.66682296521428,-64.57131640374404,-64.47582830763128,-64.38044307801273,-64.28502848948489,-64.18948522152539,-64.09365213613923,-63.99754073396849,-63.90116875415234,-63.804436490992444,-63.70741180348337,-63.61019194415218,-63.51278837932082,-63.41515485514428,-63.317381826418355,-63.21949834698826,-63.12140212336908,-63.02318623585897,-62.92490384203719,-62.826618667908974,-62.72806405808991,-62.629194086649996,-62.53019872461762,-62.4312269482726,-62.33232200087494,-62.23342154047409,-62.134604431551,-62.03595904947092,-61.93722913564103,-61.83825749557704,-61.73906543684798,-61.63978432282118,-61.54051462884917,-61.441331595408975,-61.34228984617668,-61.243387359729745,-61.14460670440225,-61.04595774223782,-60.94739103370607,-60.84891644117878,-60.750473651828926,-60.65208258208889,-60.55375216755833,-60.45548231005448,-60.357265459283354,-60.25908789497746,-60.16093076336248,-60.062688308024384,-59.964073434591825,-59.86495228399425,-59.76538173593358,-59.66533520906775,-59.564799126715855,-59.46373579814743,-59.36217088241062,-59.26011512647145,-59.15749789368059,-59.05430145304401,-58.95051970138114,-58.846041182526,-58.74069009249857,-58.63448213558914,-58.52741689860946,-58.41948033314022,-58.31064674599758,-58.20084122934053,-58.08997839522614,-57.978021737498224,-57.8648869402084,-57.75047566729187,-57.63466843977066,-57.51740433956855,-57.39851570711331,-57.27789790342154,-57.155504312112626,-57.03127219384419,-56.90512428247323,-56.77691048429103,-56.64651184541408,-56.51382822244963,-56.37874479540774,-56.24113266924138,-56.10084917235026,-55.95769926008213,-55.81147207084866,-55.66199848603823,-55.50909117297892,-55.35249710945502,-55.191961410600555,-55.02725445960858,-54.85812237759694,-54.68428613060586,-54.50544023393217,-54.321251056988224,-54.13135472122026,-53.9353545732364,-53.73281820482831,-53.52327398067523,-53.30620702283649,-53.08105368398622,-52.84711341630923,-52.60368714155776,-52.350010016685495,-52.08529190788294,-51.80865345237622,-51.51911646207153,-51.21559251351692,-50.896869480073036,-50.56159570173395,-50.208261417575976,-49.83517700277233,-49.44044745351867,-49.021942445635496,-48.57726115214049,-48.103690837392634,-47.59815804594047,-47.057170968576465,-46.47673603549619,-45.85224197213016,-45.178464107668674,-44.449385271253654,-43.65813524230199,-42.79676926438183,-41.85608335864741,-40.8253985308371,-39.69231162325495,-38.44241278154564,-37.05897387485525,-35.52262015064176,-33.81101114745054,-31.898579829468588,-29.756416069861373,-27.352439002352636,-24.65209094807981,-21.619910448622342,-18.222497400813115,-14.433523287259092,-10.24142933814856,-5.660024423217651,-0.7409779447543228,4.414968590430618,9.653744802739205,14.777208072536427,19.569195092895324,23.833708167284165,27.43216667095529,30.30480919750664,32.46896239783775,33.99857599746314,34.996543948704605,35.570499063730026,35.81728872824581,35.816123388479625,35.627789026617286,35.2970208192973,34.85593937700002,34.32737048376166,33.727575258746285,33.06830376526946,32.358249394342835,31.604048331873244,30.81094850863674,29.983250886846054,29.12459827634467,28.238163828002197,27.326774201925215,26.39299042442593,25.439161388056196,24.467459654924383,23.479905794103047,22.478385278001234,21.46466054634062,20.440379935385074,19.407084581322838,18.36621402372752,17.319110984072715,16.267025628640503,15.211119515160078,14.152469349143256,13.092070626877968,12.03084120938718,10.969624850064012,9.909194684610847,8.85025668294311,7.793453057224676,6.7393656170486205,5.688519061174378,4.64138419462995,3.598381059999034,2.5598819720682235,1.5262144455217668,0.49766400591247506,-0.5255231253779395,-1.5431374811019867,-2.5550039417129167,-3.5609794811369064,-4.560951073428493,-5.554833769203922,-6.542568951083288,-7.524122777796837,-8.499484827084919,-9.468666947998207,-10.43170233363249,-11.388644825651348,-12.339568462098605,-13.284567279914206,-14.223755383178561,-15.157267287358945,-16.085258548662946,-17.007906685975005,-17.925412400732103,-18.838001097473818,-19.745924704686406,-20.6494637919794,-21.548929975629747,-22.444668600158856,-23.337061678926993,-24.226531072308767,-25.113541875065597,-25.998605980351957,-26.88228578295772,-27.765197975849823,-28.648017386821135,-29.531480792816975,-30.416390637673224,-31.303618563706834,-32.19410864756445,-33.0888802043869,-33.98902998981937,-34.89573358452708,-35.810245688233316,-36.73389897724126,-37.668101088215614,-38.61432917911121,-39.57412138349873,-40.549064316360905,-41.54077560921769,-42.550880251049136,-43.58097930889706,-44.632609408016144,-45.70719119208204,-46.80596491987773,-47.929911452080276,-49.079657225728894,-50.255362529890455,-51.45659363979276,-52.682181298715086,-53.930070789523135,-55.19717247268154,-56.479226074189455,-57.770696783591355,-59.06472555694419,-60.35315859057335,-61.62668002297333,-62.875065726585554,-64.08756334471337,-65.25338479926474,-66.36227491875255,-67.40509870813459,-68.37437661479296,-69.26469759115852,-70.07295591872696,-70.79838655578219,-71.44240763600774,-72.00830846772317,-72.50083973938538,-72.92576692293576,-73.28944001169694,-73.59841753296435,-73.85916562128854,-74.07783780416847,-74.26013025016,-74.41120093515278,-74.53563868083063,-74.6374682323224,-74.72017930087392,-74.78676988470927,-74.8397965865112,-74.88142682271825,-74.91348958878119,-74.93752277805737,-74.95481599814536,-74.96644847479584,-74.97332208466669,-74.97618978974388,-74.97567988804899,-74.9723165435997,-74.96653706702511,-74.95870641266258,-74.94912929704451,-74.93806029889221,-74.92571226093212,-74.91226328429319,-74.89786253711989,-74.88263506874257,-74.86668581674768,-74.85010293511515,-74.83296055883922,-74.8153211034786,-74.79723717109029,-74.77875314732717,-74.75990653666342,-74.74072905429729,-74.72124753857645,-74.7014847263415,-74.68145990244173,-74.66118944579324,-74.64068728754911,-74.61996528824484,-74.59903354788328,-74.5779006721183,-74.55657399981563,-74.53505979208778,-74.51336338876142,-74.49148934426337,-74.46944154761302,-74.44722333298132,-74.42483755911339,-74.4022866633203,-74.37957272601284,-74.35669752574844,-74.3336625835766,-74.31046919957237,-74.28711848003424,-74.26361137061143,-74.2399486834276,-74.21613111045598,-74.19215924249079,-74.16803359487668,-74.14375461688836,-74.11932269982384,-74.09473818519795,-74.07000136331249,-74.04511248063535,-74.02007175191255,-73.99487936359242,-73.96953547379468,-73.9440402281317,-73.91839376897201,-73.89259623308627,-73.86664774794266,-73.84054843153656,-73.81429840373042,-73.78789778805269,-73.76134670436612,-73.73464526857511,-73.70779359902356,-73.680791819991,-73.65364005999487,-73.6263384513535,-73.5988871287359,-73.571286227696,-73.54353589014224,-73.51563626907978,-73.4875875236696,-73.45938981874609,-73.43104332982467,-73.40254824435216,-73.37390476025776,-73.34511308555693,-73.31617344194838,-73.28708606878253,-73.25785122402874,-73.22846917905895,-73.19894021333103,-73.16926461254438,-73.1394426718683,-73.10947469666891,-73.07936100188695,-73.04910191548883,-73.01869778154995,-72.98814895962985,-72.95745582097611,-72.92661875159426,-72.89563815263108,-72.86451443965635,-72.83324804530942,-72.80183941652673,-72.77028900995164,-72.73859729217988,-72.70676474148013,-72.67479185088096,-72.64267912942081,-72.61042709887813,-72.57803629236645,-72.54550725276461,-72.51284053200733,-72.48003669338316,-72.44709631286729,-72.41401997765453,-72.38080828645003,-72.34746185073267,-72.31398129434893,-72.2803672562903,-72.24662039275746,-72.21274137327792,-72.17873088047519,-72.14458961397156,-72.11031828648487,-72.07591761968567,-72.04138834483055,-72.0067312038529,-71.97194695314195,-71.93703636473032,-71.9020002237086,-71.86683932655096,-71.83155448183386,-71.79614650884392,-71.76061623806174,-71.72496451268778,-71.689192186774,-71.65330012570514,-71.61728920855165,-71.58116032791781,-71.5449143877641,-71.50855230234546,-71.47207499760252,-71.43548340987947,-71.39877848417585,-71.36196117385694,-71.32503244058444,-71.28799325544738,-71.25084459971407,-71.21358746535749,-71.17622285517312,-71.1387517828898,-71.10117527296292,-71.06349435874702,-71.02571008270415,-70.98782349820368,-70.94983566820146,-70.91174766321768,-70.87356056139015,-70.8352754495824,-70.7968934227862,-70.75841558332438,-70.7198430411582,-70.6811769145732,-70.64241833089415,-70.60356842605428,-70.5646283450105,-70.52559924177466,-70.4864822772363,-70.44727861811538,-70.40798943713243,-70.368615913544,-70.3291592342304,-70.28962059337488,-70.25000119137437,-70.21030223412924,-70.1705249328754,-70.13067050443102,-70.09074017109097,-70.05073516038425,-70.01065670451689,-69.97050604011073,-69.93028440868615,-69.88999305635778,-69.84963323365501,-69.80920619591848,-69.76871320249218,-69.72815551632003,-69.68753440361256,-69.64685113352854,-69.60610697835219,-69.565303213002,-69.52444111458811,-69.48352196233125,-69.4425470374569,-69.4015176230702,-69.36043500500918,-69.31930047154668,-69.27811531254385,-69.23688081913572,-69.1955982830309,-69.15426899641209,-69.11289425200546,-69.0714753433242,-69.03001356428277,-68.98851020864429,-68.94696656994036,-68.90538394137954,-68.86376361598488,-68.82210688703162,-68.78041504768625,-68.73868939049083,-68.696931207241,-68.65514178856301,-68.61332242371502,-68.57147440062045,-68.5295990059033,-68.48769752493196,-68.4457712418784,-68.40382143979944,-68.36184940074746,-68.31985640591802,-68.27784373584326,-68.2358126706406,-68.19376449032812,-68.15170047521987,-68.10962190641668,-68.06753006641138,-68.02542623983096,-67.98331171434336,-67.94118778176238,-67.89905573939224,-67.85691689166258,-67.81477255211732,-67.77262404583587,-67.73047271238461,-67.68831990942125,-67.64616701710524,-67.6040154435055,-67.56186663124447,-67.51972206567359,-67.47758328494218,-67.43545189239296,-67.39332957178569,-67.35121810589128,-67.30911939896589,-67.26703550341284,-67.22496865038865,-67.18292128286717,-67.14089608712916,-67.09889601375735,-67.05692427052003,-67.01498425582835,-66.97307938470934,-66.93121275098927,-66.88938659778941,-66.8476016695884,-66.80585668639252,-66.76414829063759,-66.72247167204198,-66.68082166727447,-66.63919381119356,-66.59758491592503,-66.55599312752429,-66.51441767302781,-66.47285852900586,-66.43131613982993,-66.24864858306478,-66.07074658022083,-65.89762814607039,-65.72927539959285,-65.56565151518083,-65.40670991693526,-65.25239919726381,-65.10266570479156,-64.95745486832334,-64.81671183757405,-64.68038175686716,-64.54840984492427,-64.42074137635719,-64.29732161815615,-64.17809575105773,-64.06300879249537,-63.9520055302549,-63.8450304714985,-63.74202780914109,-63.64294140592682,-63.547714795547385,-63.45629119953248,-63.36861355828435,-63.284624574438794,-63.204266766658655,-63.127482531967665,-63.054214214787976,-62.98440418093666,-62.917994894953054,-62.85492899926074,-62.79514939380874,-62.7385993149813,-62.68522241271045,-62.634962824867756,-62.587765248148855,-62.543575004795635,-62.50233810462416,-62.46400130194178,-62.428512147043264,-62.395819032073305,-62.36587123113098,-62.33861893457135,-62.314013277529924,-62.292006362758094,-62.27255127791207,-62.25560210748473,-62.24111393960989,-62.22904286800251,-62.21934598932621,-62.211981396303045,-62.206908166899254,-62.2040863499358,-62.203476947485065,-62.20504189442472,-62.20874403552798,-62.21454710047657,-62.222415677188984,-62.23231518386307,-62.244211840138895,-62.25807263779529,-62.273865311402645,-62.29155830936493,-62.311120765796105,-62.332522473690595,-62.35573385986341,-62.380725962153846,-62.407470409406514,-62.43593940476476,-62.46610571283532,-62.49794265130117,-62.53142408758561,-62.566524441192136,-62.60321869236236,-62.64148239770998,-62.681291713500144,-62.722623427249495,-62.76545499832115,-62.80976460818032,-62.855513943322265,-62.90267538075894,-62.951232995645626,-63.00115660800384,-63.05241819438423,-63.105008063941085,-63.15891702807438,-63.214136664563675,-63.270659582342965,-63.32847968742822,-63.387575800085884,-63.44792663453316,-63.50953699478379,-63.57241321034433,-63.63652956245413,-63.70189419695515,-63.7685260220981,-63.8364088608731,-63.9055101248314,-63.975832251898254,-64.04742353003971,-64.12033274998716,-64.19460989805957,-64.27023539818371,-64.3471583494379,-64.42540994767879,-64.50505257800819,-64.58617660448265,-64.66884650029098,-64.75307623823294,-64.83888743441646,-64.9262909374784,-65.01527875408959,-65.10591373867358,-65.1982729028125,-65.2924086444028,-65.38826187253996,-65.4857074452105,-65.5846744931499,-65.68503816739998,-65.78667874991406,-65.8893147509792,-65.99266996197014,-66.0965653562766,-66.20078140061236,-66.30493681130929,-66.40871195537399,-66.5117709529835,-66.61395230428595,-66.71509201362993,-66.81496918950116,-66.91323438733563,-67.00960843403651,-67.10365402805353,-67.19518592366894,-67.28382499071509,-67.36944200594667,-67.45171113232875,-67.53059797309987,-67.60625411820898,-67.67875494878757,-67.74821292505833,-67.81454704072037,-67.87784146017532,-67.93796551080156,-67.99491065725556,-68.04858824826172,-68.09908118792231,-68.14640512190478,-68.19052846832484,-68.23160000264068,-68.26961832317564,-68.30458550254416,-68.33635191648722,-68.36489604016865,-68.39019549822832,-68.41229153089836,-68.43133601028573,-68.44705986679575,-68.45948807567486,-68.46844906920963,-68.47413625499324,-68.47697601815268,-68.47718583334085,-68.4748010219362,-68.4697121290306,-68.46212534890674,-68.45206119422649,-68.43974242791593,-68.42529662239365,-68.40852223176698,-68.38952458600322,-68.36841356310259,-68.34512189190612,-68.3195819161102,-68.29167726892683,-68.26168329378008,-68.2297601506646,-68.19585349841142,-68.15996202390465,-68.122101224654,-68.08225268289829,-68.04015086539096,-67.99611262769984,-67.95011565059889,-67.90219695933067,-67.85219754224184,-67.80006222258707,-67.74595511551105,-67.69002930357178,-67.6323721336072,-67.57305261967564,-67.51206429265456,-67.44963169894082,-67.38561792334767,-67.31959065380771,-67.25154564317343,-67.18156179276045,-67.10985097552455,-67.03633036089367,-66.96115586942517,-66.88424596650704,-66.80585513777007,-66.72630531204848,-66.64581232311306,-66.56455259987732,-66.48248179935548,-66.39966046955709,-66.31599543083964,-66.23119127474006,-66.14535378639098,-66.05854927594731,-65.97084952978389,-65.8822187523505,-65.79275538305461,-65.70260809389299,-65.61179154966764,-65.52030116128327,-65.42826966352477,-65.3356379569542,-65.24246295026286,-65.1488642088043,-65.05478331771376,-64.96042017041054,-64.86589649077312,-64.77106504121693,-64.67594849553878,-64.58073268224578,-64.48553357575419,-64.39043570676141,-64.29530694422598,-64.2000480731994,-64.10449805627047,-64.00866853004355,-63.91257737295384,-63.81612500130807,-63.71937943014418,-63.6224380743928,-63.52531254883738,-63.427956741422534,-63.33046127757099,-63.232855372572836,-63.13503687462484,-63.037099047664455,-62.93909522800332,-62.84108932575294,-62.742814812924024,-62.64422594393023,-62.54551292098913,-62.44682494531819,-62.34820546773944,-62.24959233920482,-62.15106465222973,-62.05271101704319,-61.95427534837312,-61.85560065845135,-61.75670850916314,-61.657730548808665,-61.558767538033656,-61.45989500492799,-61.36116786479528,-61.26258438528805,-61.16412743136813,-61.06580717895095,-60.96757450169703,-60.8694396011937,-60.77134250215698,-60.67330349099076,-60.57533188542135,-60.47742798292197,-60.37958464373605,-60.28178857436828,-60.1840213654263,-60.086177705770744,-59.987970929699706,-59.88926767109168,-59.790125375086,-59.69051803442418,-59.59043268037633,-59.48983225731536,-59.388743109371156,-59.28717670139371,-59.185063134368555,-59.08238547056578,-58.9791384480521,-58.87521147490233,-58.77042965002884,-58.66480968725681,-58.558352240408944,-58.45104439056128,-58.34286164187349,-58.23373034778636,-58.12356646217015,-58.012334923311336,-57.89995294437614,-57.78632382051784,-57.67132981373616,-57.55491188803234,-57.436904374096486,-57.317204790201075,-57.19576885608388,-57.07253634111438,-56.94743267647468,-56.82031065606079,-56.691054453203726,-56.55956730996305,-56.42573806468875,-56.289441780609664,-56.150540074516584,-56.00884254301464,-55.86414336799663,-55.71627893697748,-55.565067916185654,-55.410263814567564,-55.25161889144372,-55.0889113650344,-54.92189594465265,-54.750303024826586,-54.573837488582875,-54.39217712488899,-54.20497065491238,-54.01183535174302,-53.812354228204434,-53.60607275701474,-53.3924950765133,-53.17107871846796,-52.941146742185644,-52.70202649925565,-52.45298277738619,-52.19325875527401,-51.92201258204268,-51.63830840789855,-51.34110570905457,-51.02924668344774,-50.70144143760091,-50.35625061970478,-49.992065077240206,-49.607082026457334,-49.199277112567415,-48.76637160990566,-48.305793856457555,-47.81463383254447,-47.289589574642584,-46.7268885913007,-46.122177655581766,-45.47053403349696,-44.76629446391484,-44.00300420944878,-43.17320662424653,-42.268271132693314,-41.278191523071214,-40.191351794261934,-38.994258386005335,-37.67124092560912,-36.20412979953836,-34.5719297407971,-32.75052704214729,-30.712498208634074,-28.427135951292204,-25.860882405425937,-22.978467602659368,-19.745195220658815,-16.130973500891184,-12.116767927694271,-7.70394609269049,-2.926154942864092,2.1383931914971095,7.35885055024341,12.554396443969413,17.512946696468365,22.02512951604709,25.9237652231584,29.113628250136145,31.579933947483518,33.3749403273741,34.59198936810789,35.33886063995014,35.718239332643655,35.81731363702363,35.704701672290284,35.431742574443966,35.03564319872741,34.54292919659297,33.972459247685016,33.337763449173266,32.64874027690614,31.912839362939593,31.135860683320825,30.322484867005553,29.47662138216338,28.6016360259912,27.700499487332078,26.775884675822347,25.830230899663835,24.86578660029625,23.884638200138596,22.888729941281007,21.8798778723499,20.859780034970548,19.830024188067384,18.7920939456119,17.747373901208295,16.697154114022194,15.642634198791322,14.584927174903035,13.52506317091896,12.463993041812236,11.402591930207157,10.341662785847966,9.281939846525843,8.224092076821345,7.168726556938753,6.11639181169325,5.067581068715936,4.022735434712994,2.9822469788379866,1.9464617126898924,0.9156824569823248,-0.10982841456085946,-1.12984636310858,-2.14418221315948,-3.1526798301083896,-4.155213955553494,-5.1516882091179905,-6.142033265852038,-7.126205218674272,-8.104184135772064,-9.075972823361964,-10.04159580466684,-11.001098526336872,-11.954546803767132,-12.902026516780133,-13.843643566882264,-14.779524106705063,-15.709815051248118,-16.634684879101037,-17.55432472990221,-18.468949801872565,-19.378801050343316,-20.28414718479759,-21.185286958105156,-22.08255173739901,-22.97630834147969,-23.866962124787154,-24.75496028341539,-25.640795351487668,-26.52500885181712,-27.408195059592916,-28.291004828670186,-29.17414942189369,-30.058404276311506,-30.944612620382422,-31.833688842341157,-32.726621485305685,-33.62447571374455,-34.52839505552606,-35.43960217161836,-36.359398339036,-37.28916124912934,-38.23034062012296,-39.184450997613176,-40.15306096819064,-41.13777783997531,-42.14022664893165,-43.162022148207,-44.20473223693641,-45.26983110800233,-46.35864028144357,-47.472255712558876,-48.61145940066085,-49.7766144690299,-50.96754369619253,-52.18339311549909,-53.4224847050304,-54.68216546659289,-55.95866431486238,-57.246972894890426,-58.54077108199179,-59.832421391786205,-61.113057250727046,-62.372786219794435,-63.60101926674222,-64.78692061992228,-65.91995117133636,-66.99045595299167,-67.99022904106965,-68.91298366736162,-69.75466517820361,-70.51356885378222,-71.19025747859187,-71.78730598818225,-72.3089240858532,-72.76051770802273,-73.1482468155921,-73.47862411690109,-73.75818237997844,-73.99322169450242,-74.18963529882822,-74.35280446328778,-74.48754901901879,-74.59811936969898,-74.68821708742988,-74.76103342628834,-74.81929749865063,-74.86532817128666,-74.90108570605813,-74.92822063343138,-74.94811845451757,-74.9619395380896,-74.97065409661937,-74.97507243552131,-74.97587083953076,-74.97361354930531,-74.96877130288206,-74.96173690887404,-74.952838277923,-74.9423492991691,-74.93049890010779,-74.9174785805569,-74.90344867023252,-74.88854352638589,-74.8728758530646,-74.85654028971409,-74.83961639548671,-74.8221711229126,-74.80426087234754,-74.78593321099332,-74.76722831177187,-74.74818014040744,-74.72881743607898,-74.70916453379854,-74.68924206369742,-74.669067539517,-74.64865584974456,-74.62801966323491,-74.60716976292056,-74.58611533712727,-74.5648642223224,-74.5434231001843,-74.52179766848818,-74.49999278821387,-74.47801260662148,-74.45586067351309,-74.43354003729904,-74.41105330474728,-74.38840269440321,-74.3655901019607,-74.3426171518287,-74.3194852330447,-74.29619553002244,-74.27274905346897,-74.24914666899535,-74.22538911616704,-74.20147702662159,-74.17741094374409,-74.15319134287978,-74.1288186417534,-74.10429320198975,-74.0796153329814,-74.05478530268657,-74.02980333950113,-74.004669635153,-73.97938435586425,-73.9539476544356,-73.92835967867933,-73.90262056662517,-73.8767304475028,-73.85068944599969,-73.82449768091959,-73.79815527004757,-73.7716623320897,-73.74501898507614,-73.7182253496693,-73.69128154952939,-73.66418771230198,-73.6369439693786,-73.6095504533342,-73.58200729881769,-73.55431464823923,-73.5264726506697,-73.49848146192946,-73.47034124764839,-73.44205218288938,-73.41361445215433,-73.38502824775104,-73.35629377082266,-73.32741123445784,-73.29838087129835,-73.26920293353989,-73.23987768675399,-73.21040540651646,-73.18078637776915,-73.15102089553474,-73.1211092632102,-73.09105179256063,-73.06084880656849,-73.03050064209974,-73.00000765013114,-72.96937019554477,-72.93858865795374,-72.90766343273279,-72.87659492922869,-72.84538357194901,-72.81402980270866,-72.78253407499723,-72.75089685040805,-72.71911860147911,-72.6871998143436,-72.65514099226489,-72.62294265468785,-72.59060533218327,-72.55812956478806,-72.52551590061573,-72.4927648991522,-72.4598771338846,-72.42685318906956,-72.39369365926832,-72.3603991502068,-72.32697027911857,-72.29340767884614,-72.25971199992352,-72.22588390747111,-72.1919240793744,-72.15783320743256,-72.12361199847393,-72.0892611709296,-72.05478145214796,-72.02017357927531,-71.98543830214153,-71.95057638519624,-71.9155886074228,-71.88047576216898,-71.8452386548592,-71.80987810145953,-71.77439492862277,-71.73878997435266,-71.70306408764596,-71.66721812895824,-71.63125297200513,-71.59516950339324,-71.55896862273224,-71.5226512413132,-71.48621828101903,-71.4496706744653,-71.41300936328741,-71.3762352979009,-71.33934943728465,-71.30235274914945,-71.2652462116397,-71.22803081324501,-71.1907075518885,-71.15327743656917,-71.11574148847609,-71.07810073812549,-71.04035622435894,-71.00250899607295,-70.9645601117106,-70.92651063836622,-70.88836165099718,-70.85011423308964,-70.81176947683242,-70.77332848180347,-70.73479235511364,-70.69616221213126,-70.65743917722816,-70.6186243833071,-70.57971897141717,-70.54072409160659,-70.50164090200121,-70.46247056698532,-70.42321425689451,-70.38387314857789,-70.3444484262056,-70.30494128099355,-70.26535291084826,-70.2256845196083,-70.18593731644448,-70.14611251612418,-70.10621133891938,-70.06623501037542,-70.0261847607626,-69.9860618247601,-69.94586744147169,-69.90560285487614,-69.86526931350133,-69.82486807022657,-69.78440038266062,-69.74386751232643,-69.70327072424975,-69.6626112866194,-69.62189047046377,-69.58110954982088,-69.54026980124561,-69.4993725033661,-69.45841893679973,-69.41741038404533,-69.37634812935664,-69.33523345958794,-69.29406766389667,-69.25285203290177,-69.21158785837086,-69.17027643252432,-69.12891904793634,-69.08751699760418,-69.04607157519054,-69.00458407464143,-68.96305578963874,-68.92148801352232,-68.87988203920119,-68.83823915962287,-68.7965606679728,-68.75484785679865,-68.71310201775702,-68.67132444171257,-68.62951641831725,-68.58767923581456,-68.54581418107703,-68.50392253964787,-68.46200559579373,-68.42006463257539,-68.37810093194354,-68.33611577486693,-68.29411044150129,-68.25208621140796,-68.21004436383272,-68.16798617805715,-68.12591293383659,-68.08382591194191,-68.04172639482567,-67.99961566743728,-67.95749501821761,-67.91536574031001,-67.87322913303336,-67.83108650367363,-67.78893916966376,-67.74678846123929,-67.70463572467835,-67.66248232626226,-67.62032965712682,-67.57817913921694,-67.53603223260895,-67.49389044452589,-67.45175534044144,-67.40962855773883,-67.36751182245075,-67.32540696961945,-67.28331596771821,-67.2412409472366,-67.19918423270437,-67.15714837566013,-67.1151361825607,-67.07315072510933,-67.03119530944547,-66.98927336485097,-66.9473881976505,-66.90554256087293,-66.86373805008749,-66.8219744754398,-66.78024952299482,-66.73855902581369,-66.69689786996385,-66.65526113809536,-66.61364496088628,-66.57204682554585,-66.53046544956634,-66.48890046688031,-66.44735211216272,-66.40582098031932,-66.22350823457964,-66.04604492666526,-65.87342499908237,-65.70561641528938,-65.54257370653407,-65.38424471307891,-65.23057414939595,-65.08150544595556,-64.93698165989774,-64.79694588516031,-64.66134139670062,-64.53011165755296,-64.40320025997488,-64.28055084040606,-64.16210699040766,-64.04781217578596,-63.93760967032579,-63.83144250713336,-63.72925344852001,-63.630984974094964,-63.53657928596574,-63.44597832948768,-63.35912382775018,-63.27595732786959,-63.19642025713322,-63.12045398707688,-63.04799990365963,-62.978999481809836,-62.913394362745954,-62.85112643261628,-62.792137901148294,-62.73637137914618,-62.68376995382155,-62.63427726108457,-62.58783755405884,-62.54439576721305,-62.50389757562303,-62.46628944899059,-62.43151870014871,-62.39953352787701,-62.370283053936326,-62.343717354307394,-62.31978748468613,-62.29844550034706,-62.27964447053792,-62.26333848761267,-62.249482671147575,-62.23803316731648,-62.22894714382774,-62.22218278074633,-62.217699257542314,-62.21545673672057,-62.215416344398044,-62.21754014820389,-62.221791132885386,-62.228133174009415,-62.23653101015559,-62.24695021400364,-62.259357162725024,-62.2737190080967,-62.290003646764944,-62.30817969109817,-62.32821644108099,-62.35008385771695,-62.37375253842439,-62.39919369492893,-62.426379134176734,-62.45528124281435,-62.48587297580531,-62.518127849771204,-62.55201994167121,-62.5875238934542,-62.624614923334306,-62.66326884435452,-62.70346209091184,-62.74517175392057,-62.78837562528596,-62.833052252347706,-62.87916340638016,-62.92668180380985,-62.97559210218014,-63.02586449565568,-63.077471426459866,-63.13040400820342,-63.18465389966039,-63.240213579725754,-63.29707662204054,-63.35523796988503,-63.41467733889406,-63.475374415630576,-63.53733539079075,-63.60056806282743,-63.66504785187161,-63.7307845383486,-63.797798856981146,-63.86607609639739,-63.93558500102845,-64.00632979696519,-64.07836110719744,-64.15173004736312,-64.22648889523866,-64.30261948222265,-64.38007181141876,-64.45887869405746,-64.53910417058373,-64.62084015469496,-64.70415181638589,-64.78905253033265,-64.87556250164012,-64.9636899487146,-65.05342273356517,-65.14481887457373,-65.23794902670929,-65.3328571435836,-65.42947262955796,-65.5276564549552,-65.62732308023,-65.72833155199805,-65.83054592674266,-65.9336677285462,-66.03740566161376,-66.14156911724244,-66.24593004611025,-66.35010155647363,-66.4537631151548,-66.55658189209537,-66.65840368946066,-66.75907427811366,-66.85838403482254,-66.95599541944111,-67.05164173592607,-67.14489760553847,-67.23558953847602,-67.32334885237941,-67.40805596708347,-67.48939325533645,-67.5673336065671,-67.64203483613686,-67.71357742509359,-67.78207802776218,-67.84745898376241,-67.90980720621633,-67.96899417552919,-68.02501308528753,-68.0777766273136,-68.12736875565106,-68.1738059028646,-68.21705706244141,-68.25727141838648,-68.29444783651415,-68.32858854350148,-68.35954397872486,-68.3872926005452,-68.41181195508318,-68.43314315162195,-68.45143788780635,-68.46642690984763,-68.47813496055421,-68.48639022994134,-68.49138584159252,-68.49354787715585,-68.49309352479233,-68.49005783010813,-68.48433106667805,-68.47611912817308,-68.46544224376218,-68.45252287776114,-68.4374883179447,-68.42013676198988,-68.40057325389614,-68.37890739059459,-68.35507163923481,-68.3289980815769,-68.30057009302053,-68.27006272655507,-68.23763587459665,-68.20323495528272,-68.16685841169338,-68.1285214996165,-68.08820556677117,-68.04564487031024,-68.00115599883598,-67.95471641219488,-67.90636291234918,-67.85593628776117,-67.80338115044782,-67.74886138560315,-67.69252985653068,-67.63447370616406,-67.57476175290243,-67.5133873451561,-67.45057482644673,-67.3861871262871,-67.31979180625159,-67.25138443680838,-67.1810437312869,-67.10898136614483,-67.03511435601321,-66.95959844043077,-66.88235193756596,-66.8036291478649,-66.72375181748868,-66.64293562148181,-66.56135684263698,-66.47897102416454,-66.39583858740878,-66.31186624709055,-66.22675851139564,-66.1406210251388,-66.05351996699677,-65.9655269937706,-65.87660619637707,-65.78685588291475,-65.69642459067272,-65.60532687130119,-65.51355802524016,-65.4212506582569,-65.328345570631,-65.23489955289206,-65.14103204458986,-65.04668453174402,-64.9520567704146,-64.85727036231485,-64.76217798737092,-64.66680220739511,-64.57132871470866,-64.47587336092829,-64.38052055985648,-64.28513809563854,-64.18962665819387,-64.09382511944024,-63.99774499290012,-63.90140403078523,-63.80470253886624,-63.70770839044994,-63.6105188528301,-63.51314540579513,-63.41554180829169,-63.317798530306646,-63.21994463999007,-63.12187785635535,-63.02369127572654,-62.92543807118863,-62.82718198462618,-62.728656371535095,-62.62981532131867,-62.53084882460267,-62.43190587661275,-62.33302973795857,-62.234158082681,-62.13536979418396,-62.03675326724736,-61.938052257291965,-61.83910958660516,-61.73994658347805,-61.640694634477015,-61.541454238034135,-61.442300657768115,-61.34328854071293,-61.24441588845935,-61.14566529287672,-61.04704664089039,-60.94851051764973,-60.85006681228774,-60.75165523842971,-60.65329574156676,-60.554997287210405,-60.456759808054905,-60.35857578575608,-60.26043153317457,-60.162308230947865,-60.064100156911735,-59.965520249263946,-59.8664346866967,-59.76690039250263,-59.66689082926714,-59.56639246672211,-59.46536766243915,-59.363842127583794,-59.26182666356259,-59.15925068936025,-59.056096533845,-58.95235815723305,-58.8479241681286,-58.74261882999263,-58.636457922948196,-58.52944111376967,-58.42155443852021,-58.31277229343008,-58.203019864620096,-58.092211864005144,-57.98031189297839,-57.86723574922174,-57.75288521777927,-57.637140948807385,-57.51994216392898,-57.401121350920846,-57.2805740306514,-57.158253759929565,-57.034097985252366,-56.90802964016828,-56.77989884448275,-56.64958687561646,-56.51699384060158,-56.38200518998081,-56.24449232136222,-56.104312880168536,-55.96127216472452,-55.81515968615332,-55.665806732933255,-55.51302641591361,-55.35656619564174,-55.1961717154568,-55.03161393805344,-54.862639619835825,-54.688970424407,-54.5103016342764,-54.32630046410947,-54.13660396821383,-53.94081652459964,-53.73850686751943,-53.52920462953691,-53.312396342540126,-53.08751992999344,-52.85387659544089,-52.610769222487654,-52.3574351685402,-52.093086774963425,-51.81684746749773,-51.52774220691589,-51.22468613411953,-50.90647116712539,-50.571750247264795,-50.219018861849165,-49.84659338798968,-49.452585704240654,-49.034873399846205,-48.591064771717676,-48.11845763254423,-47.61399075508592,-47.074186543323634,-46.495067989127264,-45.87204316039718,-45.19991003116143,-44.47267798611394,-43.68350799280615,-42.824491944425546,-41.88646891973461,-40.85881043655059,-39.72917240629477,-38.48321366500805,-37.10428523935637,-35.573102307435434,-33.86742432826985,-31.96179139536045,-29.82740148306235,-27.432270840496265,-24.741906884553426,-21.720846550232498,-18.335567883337347,-14.559424505048337,-10.380250443894472,-5.8108705736176915,-0.9015653531608558,4.248605697167218,9.48722569935573,14.617267289208066,19.422627558044827,23.70608550457953,27.3268175552977,30.22246902203812,32.408149036591205,33.95640691491734,34.96960427727508,35.55549256640865,35.81139394294159,35.81710754804058,35.633975016974745,35.307192174685824,34.86922649127576,34.34315193883786,33.7454055935424,33.0878576451865,32.37928267935084,31.626371703972772,30.834409930307167,30.007724055438977,29.14997506005856,28.264349310226386,27.353683421736825,26.4205462167089,25.467292936490516,24.496101507966483,23.50899718247501,22.50786962904979,21.494485127183374,20.47049558035089,19.43744547450168,18.396777517449046,17.34983744071923,16.29787827756614,15.242064319398896,14.18347487853607,13.123107935550395,12.06188371638019,11.000648222492085,9.940176723096569,8.88117720931368,7.824293804600301,6.770110122534682,5.719152561410602,4.671893524464911,3.62875455455775,2.590109372471561,1.5562868085039412,0.5275736175702721,-0.49578283148116564,-1.5135720012613245,-2.5256177746228303,-3.5317761954332263,-4.531933370011024,-5.5260035381094825,-6.513927322666568,-7.495670167961907,-8.471220976294818,-9.440590953775445,-10.40381267625082,-11.360939386710957,-12.312044535674227,-13.257221575971093,-14.196584022966018,-15.130265790517308,-16.05842181181881,-16.981228952651954,-17.898887222471313,-18.81162128614003,-19.719682276030138,-20.623349900634018,-21.52293484184147,-22.418781428676446,-23.311270570615118,-24.200822928664117,-25.087902297723332,-25.973019166446832,-26.856734416258085,-27.7396631157169,-28.6224783567827,-29.505915070683095,-30.390773749511453,-31.2779239844991,-32.168307712029694,-33.06294203232245,-33.96292143144904,-34.86941919281215,-35.78368772697751,-36.70705747618212,-37.64093395922085,-38.58679241115957,-39.54616933836902,-40.520650151883636,-41.51185186248749,-42.52139961995572,-43.5508956758025,-44.60187915463382,-45.67577486171804,-46.77382928073139,-47.89703200558383,-49.04602119347637,-50.22097232662675,-51.42147079371433,-52.64637071340773,-53.89364514969436,-55.160236477886286,-56.44192004952816,-57.733199080133836,-59.02725304083793,-60.31596448626511,-61.59004846922266,-62.83930267052124,-64.05298385664437,-65.22029750838178,-66.33096493904222,-67.37581095980246,-68.34730166077973,-69.23996187216045,-70.05061759967907,-70.7784372587892,-71.42477936183697,-71.99288426632548,-72.48746635951146,-72.91426773746898,-73.27962687007046,-73.59010068714677,-73.8521613340537,-74.07197365112759,-74.25524838132128,-74.40715967104619,-74.53231286246958,-74.634748703851,-74.71797183708895,-74.78499381838635,-74.83838331364603,-74.88031829850662,-74.91263690276274,-74.93688484703135,-74.95435839286843,-74.96614239128223,-74.97314345171613,-74.9761185060349,-74.97569917221128,-74.97241238562144,-74.96669777126225,-74.95892221312393,-74.94939203180172,-74.93836313982239,-74.9260494957143,-74.9126301311739,-74.89825498595668,-74.88304975378499,-74.86711990940432,-74.85055405470054,-74.83342670192609,-74.81580058067578,-74.79772855415419,-74.77925522363913,-74.76041827235592,-74.74124957373336,-74.721776106603,-74.70202072319115,-74.68200280318206,-74.66173880457599,-74.64124272347685,-74.62052647357362,-74.59960019802568,-74.57847254254193,-74.55715088287455,-74.53564150911046,-74.51394978584254,-74.49208029028472,-74.47003692779079,-74.44782304176245,-74.42544150436856,-74.40289477178081,-74.38018493377686,-74.35731377588792,-74.33428282824092,-74.31109339916253,-74.28774660396662,-74.2642433942064,-74.2405845848713,-74.21677087223327,-74.19280285093802,-74.16868103280552,-74.14440586629753,-74.11997774630044,-74.09539701509807,-74.07066396576744,-74.04577885257164,-74.02074189248383,-73.99555326777988,-73.97021313694252,-73.94472164652541,-73.91907893939852,-73.89328514979043,-73.86734040412753,-73.84124482516822,-73.81499853055352,-73.78860163757847,-73.762054265051,-73.73535653162406,-73.7085085590418,-73.68151047245136,-73.65436240134306,-73.62706447926976,-73.59961684124707,-73.57201962461103,-73.54427297467707,-73.51637704361558,-73.48833199051863,-73.46013798444147,-73.43179520400953,-73.40330383740985,-73.37466408074468,-73.3458761390489,-73.31694022938987,-73.28785658846711,-73.2586254726074,-73.22924715158065,-73.19972190522137,-73.17005002278361,-73.14023180364958,-73.11026755561744,-73.0801575948896,-73.0499022489172,-73.01950185906264,-72.9889567808239,-72.95826738362634,-72.92743405164588,-72.8964571848374,-72.86533719714326,-72.83407451767972,-72.80266959288181,-72.77112288086929,-72.73943484787281,-72.70760597107191,-72.67563674124331,-72.64352766629435,-72.61127927031362,-72.57889208851412,-72.54636666557133,-72.5137035542313,-72.48090331860402,-72.44796653679067,-72.41489379765079,-72.38168570033567,-72.34834285514664,-72.31486588387665,-72.28125542391003,-72.2475121303046,-72.21363667268632,-72.17962973342718,-72.1454920087924,-72.11122421005504,-72.07682706006887,-72.0423012905814,-72.00764764311279,-71.9728668718397,-71.93795974553038,-71.90292704745801,-71.8677695752306,-71.83248813850257,-71.79708355743861,-71.7615566628573,-71.72590829689399,-71.69013931264172,-71.65425057461572,-71.61824296055349,-71.58211736104498,-71.54587467964372,-71.50951583154446,-71.47304174249263,-71.43645334892388,-71.39975159625041,-71.36293743861974,-71.32601183869673,-71.28897576783076,-71.25183020775611,-71.21457615050254,-71.17721459748282,-71.13974656113386,-71.10217306603002,-71.06449514601988,-71.02671384322349,-70.9888302097606,-70.9508453072416,-70.91276020587138,-70.8745759836602,-70.83629372708829,-70.79791453127888,-70.75943949868386,-70.72086973922657,-70.68220637102537,-70.64345052113876,-70.60460332509217,-70.56566592649274,-70.52663947788122,-70.48752513981,-70.44832407902348,-70.40903746815003,-70.36966648626323,-70.33021231968858,-70.29067616172763,-70.25105921230228,-70.2113626771956,-70.17158776745148,-70.13173569963816,-70.09180769575565,-70.05180498300393,-70.01172879323404,-69.97158036263136,-69.9313609317308,-69.89107174586651,-69.85071405484567,-69.81028911275027,-69.7697981783147,-69.72924251411024,-69.68862338613329,-69.64794206346524,-69.60719981794867,-69.56639792435688,-69.52553765990089,-69.48462030378553,-69.44364713712505,-69.40261944283502,-69.36153850550546,-69.32040561224605,-69.27922205238863,-69.23798911664554,-69.19670809679647,-69.15538028499246,-69.11400697365669,-69.07258945555334,-69.03112902402968,-68.98962697263383,-68.94808459456705,-68.90650318260558,-68.86488402901148,-68.82322842600156,-68.78153766594639,-68.73981304049447,-68.69805584031842,-68.65626735521347,-68.61444887367624,-68.57260168270814,-68.53072706785198,-68.48882631323258,-68.44690070160824,-68.40495151444014,-68.36298003198633,-68.32098753342795,-68.27897529703586,-68.23694460038641,-68.19489672063708,-68.15283293487379,-68.1107545205442,-68.06866275599387,-68.02655892112554,-67.98444429820618,-67.94232017285172,-67.90018783522609,-67.85804858149982,-67.81590371562385,-67.77375455148795,-67.73160241554999,-67.68944865004357,-67.64729461689906,-67.6051417025461,-67.56299132380857,-67.52084493515349,-67.47870403761726,-67.43657018980187,-67.39444502140606,-67.35233024981791,-67.31022770031338,-67.26813933031768,-67.22606725786657,-67.18401379361451,-67.1419814740339,-67.09997309005436,-67.05799169905386,-67.01604059729907,-66.97412321423927,-66.93224287455881,-66.89040237683832,-66.84860339386461,-66.80684583623271,-66.76512748764827,-66.72344424139432,-66.68179098501169,-66.64016275079932,-66.59855559432093,-66.55696692950305,-66.51539541622024,-66.47384064844606,-66.43230283484435,-66.39078255355612,-66.20833933978632,-66.03073311485791,-65.85795954696987,-65.68998762470868,-65.52677253970555,-65.368262607103,-65.21440292541791,-65.06513726796612,-64.92040901929147,-64.78016159835414,-64.64433860900849,-64.51288384963378,-64.38574125484296,-64.2628548099042,-64.14416846055205,-64.02962603068447,-63.91917115454494,-63.81274722649603,-63.71029736938279,-63.611764421197144,-63.51709093896891,-63.426219218341714,-63.33909132703017,-63.25564915023214,-63.17583444603975,-63.0995889089281,-63.02685423947912,-62.95757221860703,-62.89168478467951,-62.82913411206889,-62.76986268981306,-62.713813399213926,-62.660929589347084,-62.61115514959881,-62.56443457848309,-62.520713048120946,-62.47993646388587,-62.4420515188321,-62.40700574262662,-62.374747544800414,-62.34522625222032,-62.31839214075967,-62.29419646121387,-62.27259145956705,-62.25353039176793,-62.236967533217744,-62.22285818321126,-62.21115866460385,-62.201826319004276,-62.194819497814436,-62.190097549455366,-62.18762080313272,-62.18735054950664,-62.18924901864017,-62.19327935560808,-62.199405594154875,-62.207592628797116,-62.21780618577172,-62.23001279323905,-62.24417975115767,-62.260275101257236,-62.278267597547,-62.29812667781047,-62.31982243655176,-62.34332559987596,-62.3686075028049,-62.39564006954985,-62.4243957972848,-62.45484774398778,-62.486969520935816,-62.52073529046525,-62.55611976962982,-62.593098240406064,-62.63164656710988,-62.671741221697964,-62.71335931763172,-62.75647865297799,-62.801077763409545,-62.84711848028572,-62.89457349853428,-62.943427375587056,-62.99365025604929,-63.04521449701445,-63.09811102017199,-63.15233127064385,-63.20786748888866,-63.26471298257533,-63.32286239900719,-63.38229518991898,-63.44299074686233,-63.50495483696842,-63.568194803087586,-63.63268569749211,-63.69843678134976,-63.76546820746313,-63.83376478080446,-63.90329479446365,-63.97406188524175,-64.04611592338259,-64.119507271426,-64.19428746160021,-64.27043783516086,-64.34790805009067,-64.42673036578303,-64.50696826112349,-64.58871312265943,-64.67202984573264,-64.75693191121132,-64.84343987146097,-64.93156265037952,-65.02128925729674,-65.11267906030822,-65.20580450270955,-65.30071192211118,-65.39733397102694,-65.4955355234784,-65.5952351283253,-65.69629627702948,-65.79858744025448,-65.90181469354516,-66.00569067175122,-66.11002763055734,-66.21459945514877,-66.31902031832264,-66.42296940583377,-66.52611249932825,-66.62829285148783,-66.72935303591332,-66.82907986148898,-66.92713209215194,-67.02323923024491,-67.1169722920694,-67.20815427656238,-67.29641338204189,-67.38162716551015,-67.46347555153066,-67.54192926074683,-67.61714425109177,-67.68919946802156,-67.75821029191637,-67.82409802917887,-67.88694873620513,-67.9466332061977,-68.00314407236586,-68.0563935790982,-68.10646532364143,-68.15337546062443,-68.19709277036476,-68.23776627888421,-68.27539473767236,-68.30998029684267,-68.3413733484054,-68.3695523329059,-68.39449480113501,-68.41624188746322,-68.43494533286827,-68.45033592920409,-68.4624384860953,-68.4710812647381,-68.47645747946353,-68.47899331418697,-68.4789060553578,-68.47623084483261,-68.47085805242806,-68.46299368245177,-68.45265806998799,-68.44007379392666,-68.42536825337196,-68.40833974723665,-68.38909343419378,-68.3677390256958,-68.34420909691838,-68.31843583868225,-68.29030273450783,-68.26008495994579,-68.22794252241667,-68.1938209452379,-68.15771877854796,-68.1196513850106,-68.07960021687818,-68.0372996258896,-67.99306631860927,-67.9468778552457,-67.89877113936673,-67.84858705177999,-67.79627030122546,-67.74198487729939,-67.68588374394949,-67.62805413902687,-67.568564972801,-67.5074096803993,-67.4448127003398,-67.38063703837526,-67.3144503201494,-67.24624820161743,-67.17610948363055,-67.10424593355981,-67.03057464041926,-66.95525142824296,-66.87819468620559,-66.79965880052748,-66.71996560238692,-66.6393308426762,-66.55793087520811,-66.47572130145436,-66.39276260583411,-66.30896155763358,-66.22402271030025,-66.13805177565904,-66.05111499567224,-65.9632840893914,-65.87452320336678,-65.78493070790655,-65.69465520359725,-65.60371129672153,-65.51209434094693,-65.41993700218552,-65.32718012936148,-65.23388056822544,-65.14015781623068,-65.04595340660505,-64.95146715716727,-64.85682072530376,-64.76186683091001,-64.66662808681916,-64.5712902454876,-64.4759692132883,-64.38074945630139,-64.28549879826602,-64.19011797232527,-64.09444589146736,-63.99849412236633,-63.902280471179694,-63.8057052911088,-63.70883651447447,-63.611771469452826,-63.51452169144112,-63.41704099226316,-63.31941990456433,-63.22168755556667,-63.12374171602063,-63.02567554836128,-62.927542289691694,-62.82940574745772,-62.730999322392236,-62.63227716727621,-62.5334293534982,-62.434604954431194,-62.33584730236751,-62.237094137530214,-62.138424421464116,-62.039926629123514,-61.941344574152836,-61.84252114831758,-61.74347776550559,-61.64434590801066,-61.545226169557154,-61.44619390935751,-61.347303870966904,-61.24855415114207,-61.149927439090696,-61.0514337246077,-60.95302369494459,-60.85470734986637,-60.75642451243596,-60.658195248257414,-60.560028646499795,-60.4619247675186,-60.36387622507652,-60.26586946902052,-60.16788582228786,-60.06981970444902,-59.97138418869893,-59.872445609986826,-59.7730610717236,-59.673204218132376,-59.572861710854035,-59.47199610722419,-59.3706333338775,-59.268784417330146,-59.16637900672783,-59.063399678517584,-58.95984065510315,-58.85559081310075,-58.75047469510916,-58.64450839483237,-58.53769190973936,-58.43001162530611,-58.32144230759034,-58.211909531414165,-58.10132842178486,-57.98966302492191,-57.87682960854153,-57.762730458656755,-57.6472467595963,-57.53031831074564,-57.41177820941162,-57.291522637580314,-57.16950586822704,-57.04566611632093,-56.919927141146296,-56.79213994545794,-56.6621867630823,-56.52996873642527,-56.39537243448648,-56.258270464725975,-56.11852178307688,-55.975933105623184,-55.83029548404656,-55.681441889272165,-55.529187265026316,-55.37328106680965,-55.21347112048137,-55.04953078293231,-54.88120943500069,-54.7082316217195,-54.53029579441206,-54.34707265851921,-54.15820312050851,-53.963295816974515,-53.761924198743834,-53.55362313210773,-53.3378849678675,-53.11415411188882,-52.88173899440756,-52.63995059304873,-52.38803534230318,-52.12521579227572,-51.85062686802885,-51.56330651361232,-51.26218456390448,-50.94606960811433,-50.613633549994255,-50.263393501354784,-49.89369056486067,-49.50266496642726,-49.08822688347925,-48.64802217905941,-48.17939208903014,-47.6793257158676,-47.14440395337137,-46.57071793710882,-45.953755309506974,-45.28840719457606,-44.56879220550012,-43.788199589508004,-42.93887198883431,-42.01182561170164,-40.996639823909724,-39.881213698869125,-38.651489030607976,-37.29114325539663,-35.781262963125336,-34.10002127950996,-32.222403538765946,-30.120060064231094,-27.76141919488773,-25.112276334935167,-22.137193312888492,-18.80219409226673,-15.07939108232461,-10.954204729259654,-6.435500818893848,-1.5679054753558237,3.556467270334336,8.792174867775476,13.947116145026401,18.80587251417505,23.16656719682636,26.879302414828903,29.870922011144714,32.147072863965406,33.77415209426527,34.852019153408754,35.48873346674618,35.78350970047072,35.8185857910084,35.6576427647565,35.3478231407977,34.923082829544484,34.40757370215831,33.81848647666247,33.168207049620904,32.465859080063424,31.718369431443996,30.931183704428257,30.108739241371108,29.2547750462258,28.372534122215313,27.464895651179095,26.534461696295104,25.58361449353522,24.614554718235173,23.629327427102925,22.629840002678336,21.617874903270067,20.595099041473976,19.563070981583564,18.523246735013625,17.476984663726892,16.42554982421221,15.370117966820619,14.311779326774012,13.251542290733134,12.190336987851902,11.129018831084197,10.068372019361808,9.009113001569368,7.951893897256855,6.897305865546117,5.845882411867592,4.7981026214216405,3.754394308185911,2.7151370685994056,1.6806652295470526,0.6512706808076909,-0.3727944173763378,-1.3913150605587201,-2.4041109688743116,-3.411034306945849,-4.411967563561644,-5.406821599971277,-6.395533875966479,-7.378066863328504,-8.354406656692724,-9.324561792361317,-10.288562286033631,-11.246458900762905,-12.198322656626074,-13.144244593544345,-14.084335798352152,-15.018727706517739,-15.947572687814949,-16.87104492368649,-17.789341581992677,-18.702684292292165,-19.611320921756825,-20.515527648307476,-21.415611323612065,-22.311912114267646,-23.204806404848938,-24.09470994159383,-24.982081190870414,-25.86742487930999,-26.751295677988587,-27.6343019876737,-28.517109772664597,-29.400446382149106,-30.28510428675161,-31.171944643241616,-32.0619005811346,-32.95598007961918,-33.85526827006432,-34.760928956178546,-35.674205088315915,-36.59641785783818,-37.52896398913132,-38.47331069822544,-39.43098765582569,-40.40357513791827,-41.39268737008622,-42.39994987250514,-43.42696940974499,-44.47529495277424,-45.54636789625524,-46.64145968717353,-47.7615950879557,-48.907459604868045,-50.07929026102681,-51.276750046368086,-52.498788198529944,-53.74349109191183,-55.00793201621964,-56.28803243476517,-57.57845207401446,-58.87252965969443,-60.162299052899165,-61.438605265073626,-62.69133952003011,-63.909800820351116,-65.08317337831356,-66.20108698260998,-67.25420563681358,-68.23477505081028,-69.13705774115277,-69.95759838807847,-70.69528940959187,-71.35124038213074,-71.92848580155999,-72.4315860292568,-72.8661826197202,-73.2385629154231,-73.55527435012449,-73.82281172384425,-74.0473851306203,-74.23476462170444,-74.39019072110449,-74.51833693642835,-74.62331027424118,-74.70867736692992,-74.77750617205726,-74.8324156044799,-74.87562769140627,-74.90901870102782,-74.93416705221216,-74.95239682769947,-74.96481640990064,-74.9723522201171,-74.97577781199763,-74.97573871217847,-74.97277347206553,-74.96733140493905,-74.9597874682361,-74.95045470709982,-74.9395946341804,-74.92742587219432,-74.91413133873827,-74.89986421264139,-74.88475288925886,-74.86890509840273,-74.85241132587561,-74.83534765924388,-74.81777814667218,-74.79975675618661,-74.78132901579083,-74.76253338691319,-74.74340239720718,-74.72396357613674,-74.70424023991218,-74.68425215964643,-74.66401612394425,-74.643546408465,-74.62285516355792,-74.60195273295737,-74.58084793255408,-74.55954828265179,-74.53806019624973,-74.5163891425616,-74.4945397879412,-74.47251611376393,-74.4503215283218,-74.42795895921549,-74.40543091000289,-74.38273951099733,-74.35988658242452,-74.33687368411825,-74.31370214984824,-74.29037311672222,-74.26688755496019,-74.24324629553485,-74.21945004839577,-74.19549941988298,-74.17139493180211,-74.14713704112602,-74.12272614997762,-74.09816260677509,-74.073446709776,-74.04857871759764,-74.02355885085059,-73.99838729482639,-73.97306421048279,-73.94758974637722,-73.92196404697123,-73.89618724772437,-73.87025947597874,-73.84418085513208,-73.81795150322249,-73.7915715377293,-73.76504107745758,-73.73836024089259,-73.71152914946559,-73.68454792788258,-73.65741670507948,-73.6301356139546,-73.60270478878056,-73.57512436607247,-73.54739449025574,-73.51951531254919,-73.49148699103884,-73.46330969372522,-73.43498359813555,-73.40650889131987,-73.37788576820883,-73.34911443263493,-73.32019510043561,-73.29112800705529,-73.2619134075424,-73.23255157036712,-73.20304277404527,-73.1733873064953,-73.14358546574884,-73.11363755824038,-73.08354389879729,-73.05330481348577,-73.02292064227446,-72.99239173925974,-72.96171847245841,-72.93090122463161,-72.89994039431393,-72.86883639402255,-72.8375896514444,-72.80620061158152,-72.77466973111751,-72.74299747484471,-72.71118431850299,-72.67923075142878,-72.64713728008891,-72.61490442713153,-72.58253272632966,-72.55002272091996,-72.51737496221163,-72.4845900128805,-72.45166844959665,-72.41861085979207,-72.38541784119452,-72.35209000268645,-72.31862796464691,-72.2850323630518,-72.25130385155609,-72.21744309838853,-72.18345078452988,-72.14932760486052,-72.11507426927527,-72.08069149925657,-72.04618002518804,-72.01154058723381,-71.97677393822302,-71.94188084558513,-71.90686209126353,-71.87171847154559,-71.83645079477456,-71.80105987981378,-71.76554655619071,-71.7299116647603,-71.69415605734616,-71.65828059720558,-71.62228616082983,-71.58617363757466,-71.54994392977169,-71.51359795140627,-71.47713662702728,-71.44056089188706,-71.40387169022802,-71.36706997504184,-71.330156707852,-71.29313285888122,-71.25599940875234,-71.21875734839915,-71.18140767815423,-71.14395140939038,-71.10638956563423,-71.06872317970314,-71.03095329270273,-70.9930809557555,-70.95510722949209,-70.91703318315524,-70.87885989381108,-70.84058844701406,-70.80221993698018,-70.76375546527296,-70.72519614094654,-70.68654308126949,-70.6477974124703,-70.60896026926429,-70.57003279446857,-70.53101613985433,-70.49191146522486,-70.4527199365962,-70.41344272588934,-70.37408101149175,-70.33463597906433,-70.29510882126574,-70.25550073739686,-70.2158129326418,-70.17604661746775,-70.13620300788872,-70.09628332537321,-70.0562887966125,-70.01622065297195,-69.97608013017447,-69.9358684683159,-69.8955869123149,-69.8552367115868,-69.81481911984564,-69.77433539548181,-69.73378680074669,-69.6931746013409,-69.65250006607442,-69.61176446654281,-69.57096907729688,-69.53011517534986,-69.4892040397335,-69.4482369514138,-69.40721519318309,-69.36614004953317,-69.32501280750066,-69.28383475636957,-69.24260718682964,-69.20133139066328,-69.1600086600496,-69.11864028746528,-69.07722756575362,-69.0357717883666,-68.9942742489828,-68.9527362409597,-68.91115905725559,-68.86954399034065,-68.82789233266585,-68.78620537686221,-68.74448441486497,-68.70273073765996,-68.66094563538232,-68.61913039689539,-68.57728630959447,-68.53541465944369,-68.49351673101691,-68.45159380754971,-68.40964717100914,-68.36767810218834,-68.32568788083343,-68.28367778581087,-68.24164909532415,-68.19960308719055,-68.15754103918977,-68.11546422949874,-68.07337393722973,-68.03127144309181,-67.98915803020067,-67.94703498506657,-67.90490359879738,-67.86276516856198,-67.82062099936995,-67.77847240623711,-67.73632071682354,-67.69416727465197,-67.65201344304195,-67.60986060992862,-67.56771019377747,-67.5255636508578,-67.48342248419867,-67.44128825462111,-67.39916259431224,-67.35704722346745,-67.31494397054371,-67.27285479657598,-67.23078182368248,-67.1887273670823,-67.14669396822474,-67.10468442319572,-67.06270179416981,-67.02074938078677,-66.97883061260211,-66.93694880842592,-66.89510675194276,-66.85330609041343,-66.81154670090986,-66.76982633416468,-66.72814086263983,-66.686485172597,-66.6448543125822,-66.60324436300554,-66.56165276227173,-66.52007818959923,-66.47852025240265,-66.43697916808202,-66.39545552037654,-66.21305387100264,-66.03549328227932,-65.86276882902172,-65.69484914781937,-65.53168920466385,-65.37323715382561,-65.21943796508154,-65.07023529796312,-64.92557242922592,-64.7853926714577,-64.64963952132786,-64.5182566682657,-64.39118793591541,-64.26837719668721,-64.14976828190574,-64.03530489995048,-63.9249305689273,-63.818588566940775,-63.71622190094233,-63.61777329385076,-63.52318518886145,-63.43239976939656,-63.345358992889935,-63.262004636478714,-63.182278352645945,-63.10612173289399,-63.03347637760839,-62.964283970380976,-62.89848635518963,-62.836025614972,-62.77684415027665,-62.72088475682292,-62.668090700946856,-62.618405792052975,-62.57177445132807,-62.52814177610271,-62.48745359936756,-62.44965654406435,-62.41469807187511,-62.38252652632805,-62.35309117012374,-62.32634221666202,-62.30223085581781,-62.280709274073764,-62.26173066916933,-62.24524925947063,-62.23122028830323,-62.21960002352183,-62.21034575261736,-62.203415773683545,-62.198769382582704,-62.19636685666462,-62.196169435403746,-62.19813929832933,-62.202239540630565,-62.208434146825894,-62.21668796289188,-62.22696666725356,-62.23923674104546,-62.25346543806045,-62.269620754813374,-62.28767140115733,-62.30758677190371,-62.32933691991205,-62.35289253113282,-62.37822490210492,-62.405305920430585,-62.434108048771684,-62.46460431293593,-62.4967682946392,-62.530574129556335,-62.56599651129349,-62.603010701931915,-62.64159254980721,-62.681718515197836,-62.72336570460012,-62.76651191426332,-62.81113568364684,-62.85719882513173,-62.904674040466766,-62.95354591875663,-63.003784620233304,-63.05536252884235,-63.108270626894374,-63.16250042697353,-63.218044244811075,-63.274895472033,-63.33304884936935,-63.392483911813514,-63.4531801440091,-63.51514344684442,-63.57838130706293,-63.64286889309006,-63.70861563016158,-63.77564185500663,-63.84393252550896,-63.91345607753796,-63.98421633440707,-64.05626340469647,-64.12964788957181,-64.20442155772609,-64.2805659064143,-64.35803070411264,-64.43684838646972,-64.51708261219137,-64.59882493734855,-64.68214034764893,-64.76704229465568,-64.85355122600032,-64.94167584838206,-65.0314048149704,-65.12279707436424,-65.21592451208606,-65.31083271959606,-65.40745332922523,-65.50564998593153,-65.60533994885505,-65.70638530367344,-65.80865312099068,-65.91184802789932,-66.0156814026682,-66.11996457821616,-66.22447080839397,-66.32881390825774,-66.43267313251047,-66.53571468434501,-66.63778260949597,-66.7387204835845,-66.83831623866881,-66.9362298057443,-67.03219189095944,-67.12577465418983,-67.21680221039253,-67.30490375039129,-67.38995774325336,-67.47164489403009,-67.5499366154379,-67.62498945856385,-67.69688285945294,-67.76573260567923,-67.83146033394989,-67.89415237470776,-67.95367974097844,-68.01003524533446,-68.06313127541046,-68.1130515428019,-68.15981229125734,-68.20338236949758,-68.24391085437756,-68.28139653421319,-68.31584158388021,-68.3470964107687,-68.3751394614106,-68.39994828540158,-68.42156400942008,-68.44013836096642,-68.45540211753223,-68.46738006772534,-68.47590045026381,-68.48115645088549,-68.48357422132142,-68.48337101703635,-68.48058194949083,-68.47509735805832,-68.46712321212408,-68.45667981329149,-68.44398970428077,-68.42918024902838,-68.41204971438002,-68.39270322276536,-68.3712504494432,-68.3476239354011,-68.32175583693952,-68.29352960333769,-68.26322037144317,-68.23098811233909,-68.19677831605573,-68.16058949886249,-68.12243698961576,-68.0823022074915,-68.03991947422541,-67.99560545914633,-67.94933769070482,-67.90115304033404,-67.85089235957894,-67.7985003265581,-67.74414089788178,-67.68796700570259,-67.63006585787295,-67.57050633562471,-67.50928184665673,-67.44661679951051,-67.3823741757902,-67.3161215807446,-67.2478546432805,-67.17765213658367,-67.1057257993318,-67.03199269698752,-66.9566086269089,-66.87949195579021,-66.80089704280621,-66.72114569235832,-66.64045363143683,-66.55899719147236,-66.47673195552214,-66.39371838810119,-66.30986324123349,-66.2248710539769,-66.13884751701383,-66.0518588523317,-65.96397675933818,-65.87516536699795,-65.78552302599834,-65.69519831698071,-65.60420582898074,-65.512540898857,-65.42033617357211,-65.32753248667453,-65.23418666649815,-65.14041819225444,-65.04616858225215,-64.95163763487899,-64.8569469899919
11.325057021623696,15.317489355103504,18.921365996400365,22.040520342941427,24.622836229378677,26.661699717506277,28.188192399190875,29.258130612797217,29.93862179513412,30.297367366318984,30.395904198469314,30.286442756206377,30.011262815118066,29.603573381394348,29.08899887673402,28.487169603328287,27.813150755240912,27.078611577089696,26.292728211670955,25.462855037347733,24.59501153886694,23.694229807760323,22.76480032538852,21.810445200020272,20.834440445257936,19.83970280743233,18.82885206620723,17.804256406144166,16.768066101040496,15.72223911043734,14.668561053975509,13.608661251196159,12.54402598190203,11.47600975811111,10.405845149599848,9.334651534519942,8.263443029684911,7.193135774918261,6.124554690794042,5.058439791303926,3.995452107054447,2.9361792568208482,1.881140693097357,0.8307926389125173,-0.21446727260815357,-1.254295648505953,-2.2883992715678163,-3.3165313188874688,-4.338487862790242,-5.354104654930346,-6.363254195618289,-7.365843091564928,-8.361809706256976,-9.351122108098457,-10.3337763222329,-11.309794892556042,-12.279225760780664,-13.242141469459051,-14.198638695538639,-15.148838120258569,-16.092884639933565,-17.030947920374587,-17.96322329533797,-18.889933006474575,-19.811327778788268,-20.727688721655962,-21.639329541074876,-22.546599044067687,-23.44988391117348,-24.34961170774919,-25.246254099430526,-26.140330231521162,-27.032410226167922,-27.923118744690644,-28.813138554966972,-29.703214034739414,-30.594154530319663,-31.48683747538612,-32.38221115512712,-33.28129697534035,-34.18519106246623,-35.09506497688073,-36.01216526587453,-36.93781151226575,-37.873392447229314,-38.8203595896631,-39.78021774791767,-40.75451157296968,-41.74480718734381,-42.75266773711708,-43.77962153653147,-44.8271213155489,-45.89649297093888,-46.98887220728416,-48.10512760104083,-49.245769016527454,-50.410841058737454,-51.599802493633256,-52.81139443420617,-54.04350268283112,-55.293022955961106,-56.55574164984207,-57.82624892412258,-59.09790441080533,-60.36287762397308,-61.61228367019784,-62.83642867275821,-64.02516755151848,-65.16835991430331,-66.25639024538155,-67.28070074063635,-68.2342744849347,-69.11200776382074,-69.9109246869687,-70.63021225381611,-71.27108314009854,-71.83649916350616,-72.33080457573058,-72.75932263630743,-73.12796278169228,-73.4428730124662,-73.71015734949482,-73.93566489176634,-74.12484710041322,-74.28267391433815,-74.41359667007983,-74.5215456119244,-74.60995106372903,-74.68177929968252,-74.73957625440022,-74.78551413813736,-74.82143762598308,-74.84890753634484,-74.86924083060607,-74.88354640634546,-74.89275658109938,-74.89765442791818,-74.89889727433672,-74.89703674915212,-74.89253578361854,-74.88578296469097,-74.87710461116049,-74.86677490785162,-74.85502439423142,-74.84204706531582,-74.82800630665088,-74.81303985240551,-74.79726392662167,-74.78077670242962,-74.76366119233762,-74.7459876642226,-74.7278156620162,-74.7091956969283,-74.69017066403026,-74.67077702981398,-74.65104582867001,-74.63100349984276,-74.61067259111339,-74.59007235105318,-74.56921922803033,-74.54812729111453,-74.52680858550204,-74.50527343298941,-74.48353068628377,-74.46158794449221,-74.43945173592975,-74.41712767338481,-74.39462058614755,-74.37193463241188,-74.34907339508216,-74.32603996353208,-74.30283700345849,-74.27946681663491,-74.255931392086,-74.23223244996711,-74.20837147923352,-74.18434977001696,-74.16016844148618,-74.13582846585007,-74.11133068906206,-74.08667584870038,-74.06186458942787,-74.03689747637493,-74.01177500673838,-73.98649761984622,-73.96106570590155,-73.93547961358813,-73.90973965669377,-73.8838461198853,-73.85779926374992,-73.83159932920141,-73.80524654133596,-73.77874111281047,-73.75208324680598,-73.72527313963057,-73.69831098300814,-73.67119696609366,-73.64393127724956,-73.61651410561373,-73.58894564248492,-73.56122608254859,-73.53335562496274,-73.50533447432073,-73.47716284150624,-73.44884094445304,-73.42036900882108,-73.39174726859864,-73.3629759666391,-73.33405535513997,-73.30498569607055,-73.27576726155414,-73.24640033420971,-73.21688520745755,-73.1872221857926,-73.15741158502902,-73.12745373251887,-73.09734896734761,-73.06709764050863,-73.03670011505893,-73.00615676625762,-72.97546798168901,-72.94463416137148,-72.91365571785349,-72.8825330762977,-72.85126667455435,-72.8198569632245,-72.7883044057141,-72.75660947827944,-72.72477267006458,-72.69279448313134,-72.66067543248221,-72.62841604607672,-72.59601686484159,-72.56347844267485,-72.5308013464445,-72.49798615598172,-72.46503346406895,-72.43194387642306,-72.39871801167384,-72.3653565013378,-72.33185998978769,-72.29822913421756,-72.26446460460384,-72.23056708366215,-72.19653726680033,-72.16237586206746,-72.12808359009914,-72.09366118405902,-72.05910938957668,-72.0244289646819,-71.98962067973542,-71.95468531735612,-71.91962367234484,-71.8844365516048,-71.84912477405855,-71.81368917056179,-71.7781305838137,-71.7424498682642,-71.70664789001786,-71.67072552673474,-71.63468366752802,-71.59852321285851,-71.56224507442614,-71.52585017505834,-71.48933944859536,-71.45271383977274,-71.41597430410063,-71.37912180774032,-71.34215732737779,-71.30508185009441,-71.26789637323479,-71.23060190427184,-71.19319946066896,-71.15569006973963,-71.11807476850416,-71.08035460354375,-71.04253063085201,-71.00460391568373,-70.96657553240117,-70.9284465643177,-70.89021810353904,-70.85189125080194,-70.81346711531043,-70.7749468145697,-70.73633147421762,-70.6976222278539,-70.65882021686697,-70.61992659025867,-70.58094250446672,-70.54186912318494,-70.50270761718154,-70.46345916411518,-70.42412494834905,-70.38470616076302,-70.34520399856382,-70.30561966509335,-70.26595436963508,-70.22620932721884,-70.18638575842364,-70.14648488917898,-70.10650795056448,-70.06645617860785,-70.02633081408146,-69.98613310229729,-69.94586429290055,-69.90552563966192,-69.8651184002684,-69.82464383611301,-69.78410321208318,-69.74349779634805,-69.7028288601447,-69.6620976775633,-69.62130552533127,-69.5804536825966,-69.53954343071025,-69.49857605300781,-69.45755283459033,-69.41647506210461,-69.37534402352276,-69.33416100792125,-69.29292730525952,-69.25164420615806,-69.21031300167624,-69.16893498308974,-69.12751144166782,-69.08604366845036,-69.04453295402479,-69.00298058830306,-68.96138786029849,-68.91975605790282,-68.87808646766334,-68.83638037456024,-68.79463906178425,-68.75286381051464,-68.71105589969753,-68.6692166058248,-68.62734720271342,-68.58544896128545,-68.54352314934864,-68.5015710313778,-68.45959386829692,-68.41759291726221,-68.37556943144595,-68.33352465982142,-68.29145984694875,-68.24937623276203,-68.20727505235742,-68.1651575357826,-68.12302490782744,-68.08087838781607,-68.03871918940027,-67.99654852035441,-67.95436758237187,-67.91217757086308,-67.86997967475509,-67.82777507629297,-67.78556495084287,-67.74335046669692,-67.70113278487999,-67.65891305895832,-67.61669243485017,-67.57447205063845,-67.53225303638541,-67.49003651394949,-67.44782359680426,-67.40561538985965,-67.36341298928537,-67.32121748233666,-67.27902994718242,-67.23685145273562,-67.19468305848629,-67.15252581433685,-67.11038076044001,-67.0682489270392,-67.02613133431163,-66.98402899221382,-66.94194290032999,-66.89987404772299,-66.85782341278795,-66.81579196310874,-66.77378065531711,-66.73179043495475,-66.689822236338,-66.64787698242559,-66.60595558468906,-66.56405894298621,-66.52218794543738,-66.48034346830467,-66.43852637587403,-66.39673752034044,-66.35497774169582,-66.31324786762018,-66.27154871337548,-66.22988108170266,-66.18824576272154,-66.14664353383377,-66.1050751596287,-66.06354139179228,-66.022042969019,-65.9805806169266,-65.93915504797401,-65.89776696138206,-65.85641704305722,-65.81510596551823,-65.7738343878257,-65.73260295551462,-65.69141230052968,-65.65026304116354,-65.60915578199791,-65.56809111384746,-65.5270696137065,-65.48609184469852,-65.44515835602832,-65.40426968293697,-65.36342634665945,-65.32262885438482,-65.28187769921911,-65.24117336015071,-65.20051630201834,-65.15990697548146,-64.989606256326,-64.8235950175673,-64.6619848833035,-64.50483151002653,-64.35215582328054,-64.20395686607499,-64.06021950476784,-63.92091904954206,-63.7860240460595,-63.65549798937918,-63.52930040393994,-63.40738755068668,-63.28971291498686,-63.176227566034974,-63.066880441462814,-62.96161858899626,-62.86038738392638,-62.76313073326211,-62.66979127260783,-62.580310558843586,-62.494629259863096,-62.41268734151787,-62.334424251264814,-62.25977909765866,-62.18869082466562,-62.12109837973553,-62.05694087461036,-61.996157737938695,-61.93868885888695,-61.884474721075534,-61.8334565263108,-61.7855763077258,-61.740777032079414,-61.699002691091074,-61.66019838180598,-61.6243103760915,-61.591286179459686,-61.5610745794927,-61.53362568421904,-61.508890950848084,-61.486823205320114,-61.467376653169836,-61.45050688223351,-61.43617085775507,-61.424326910465595,-61.41493471822427,-61.407955281818865,-61.40335089552999,-61.4010851130681,-61.40112270949474,-61.40342963974218,-61.40797299434775,-61.41472095302279,-61.42364273668023,-61.434708558551534,-61.44788957503155,-61.46315783690069,-61.480486241586284,-61.49984848713991,-61.521219028624,-61.544573037618946,-61.569886365580466,-61.5971355117956,-61.62629759670282,-61.65735034135698,-61.69027205383146,-61.72504162335656,-61.76161534498675,-61.79997604199001,-61.84010684745839,-61.88199124520091,-61.9256131405314,-61.97095694404046,-62.01800766775671,-62.066751033441044,-62.1171735929685,-62.16926286086126,-62.223007459060945,-62.27839727398177,-62.33542362577627,-62.39407944956479,-62.45435948813753,-62.51626049532293,-62.57978144879613,-62.64492377056566,-62.7116915527004,-62.780091784987256,-62.85013458009822,-62.92183339043622,-62.995127936949395,-63.07003389819708,-63.14658876257457,-63.22483177952274,-63.304804315544395,-63.38652862690494,-63.470021647624655,-63.55530883057163,-63.64232378291877,-63.73107850806786,-63.821657841071364,-63.91414126961956,-64.00853733082184,-64.10488814820827,-64.20322019995169,-64.30358489467204,-64.4059502577653,-64.51031288211787,-64.61655174640676,-64.72457341828544,-64.83430158055513,-64.94544239677897,-65.05788031597098,-65.1714249186791,-65.2855762863423,-65.39998847969359,-65.5144481496784,-65.62860508592078,-65.74215174028394,-65.8548516824034,-65.9664412125802,-66.07667183673789,-66.18534271700837,-66.2921462947334,-66.39695594191349,-66.49952844851498,-66.59972721705796,-66.69754743623986,-66.79294419354004,-66.88574185280036,-66.97588642702405,-67.06322101031097,-67.14778729227878,-67.22954441753892,-67.30809374213263,-67.38320862191158,-67.45491200429115,-67.52331951456571,-67.58858545796309,-67.65092234345047,-67.71024165751467,-67.76659287976752,-67.82019594223715,-67.87126823062603,-67.91962459467977,-67.96524015385151,-68.00804221715501,-68.04792280733199,-68.08477723293456,-68.11846194849636,-68.14906625112431,-68.1766738845378,-68.20148001360403,-68.22343545869184,-68.24264424308794,-68.2591290913263,-68.27285027402019,-68.28385200020101,-68.29215134311245,-68.2979496932653,-68.30108286159646,-68.3012370177277,-68.29835280552325,-68.2928137381906,-68.28500879933158,-68.27487340522126,-68.2619783460509,-68.24650939956089,-68.22859047966543,-68.20798863558291,-68.18472018662636,-68.1589883065041,-68.13066432543727,-68.09981436194775,-68.06645787106787,-68.03070079424035,-67.99298791700886,-67.95350964103663,-67.91230268029057,-67.86944235047984,-67.82513831533336,-67.77950178172797,-67.73262139595133,-67.6847219146739,-67.63589920505554,-67.58593547928929,-67.53490130045739,-67.4825069357703,-67.42863862290636,-67.37343764798328,-67.31680094117138,-67.2587028350354,-67.19914019011512,-67.13803172466557,-67.07527547421194,-67.01086407359567,-66.94471346226187,-66.87651153138175,-66.80653181178991,-66.73508537390616,-66.66226744531717,-66.58815308508899,-66.51284388057451,-66.43656344969202,-66.35944050920041,-66.281092796771,-66.20132729983527,-66.12003267988864,-66.03739366905027,-65.95351243087812,-65.86839350825282,-65.78228031282217,-65.6951021852334,-65.60683527403343,-65.51771900082562,-65.42806696823102,-65.3380704695908,-65.24787802399071,-65.15758227668397,-65.06715173297604,-64.97631404491398,-64.88500580125567,-64.79334821402082,-64.70154675284002,-64.60965439688339,-64.5176839376079,-64.42555030337556,-64.33336903062072,-64.24119000748443,-64.14891921349968,-64.05654657921194,-63.964060968105706,-63.87146823420915,-63.778741630823276,-63.68588645269724,-63.59274150582676,-63.49926528730804,-63.4053054257147,-63.31067113679994,-63.215361822471976,-63.11925258050037,-63.022349446324924,-62.924889872586085,-62.8269405799931,-62.72862934189609,-62.63012243151423,-62.531564877951396,-62.43290633661077,-62.334149273638765,-62.23508729009116,-62.135727629273035,-62.036143254618686,-61.93632662687276,-61.83635652331456,-61.73635732448405,-61.6364003105296,-61.536438701503904,-61.43646324378906,-61.336426631808614,-61.23630794178651,-61.13610512518045,-61.03580041287707,-60.93541670521006,-60.83487863781284,-60.73425126956978,-60.6335798972729,-60.53289291645654,-60.432100839246885,-60.331105930873406,-60.2298858593265,-60.12841042510021,-60.026588193259606,-59.924407102860414,-59.821832938433346,-59.71879165230667,-59.61532154916263,-59.51144376962361,-59.40716521247381,-59.30244564743313,-59.197142899632524,-59.091259637919585,-58.98473322287844,-58.87741246152876,-58.76922868657133,-58.66004918479186,-58.549901587342084,-58.43879383079623,-58.326717235069495,-58.213648975164055,-58.09947684770555,-57.98411347728281,-57.867487139189265,-57.74956135638364,-57.6302865309942,-57.50960140862346,-57.38743419387352,-57.26370337318497,-57.13831829015908,-57.01117950949037,-56.88217899812156,-56.751200023966135,-56.61803072788801,-56.48255400647198,-56.34464002132373,-56.204146324885556,-56.06091775847717,-55.91478614248399,-55.76556977235637,-55.61307272857814,-55.457084003816185,-55.29737644590331,-55.13355253927084,-54.96535993479645,-54.79254264882214,-54.61481648118484,-54.43186791060308,-54.24335251096929,-54.04889288867964,-53.84799882897029,-53.640145367852206,-53.42486319680413,-53.201636492332696,-52.9698926784234,-52.72892020247268,-52.4780252705092,-52.21644602127369,-51.94333527214843,-51.65775146616121,-51.35864790256693,-51.04486002466853,-50.715090481838814,-50.36785564491993,-50.00149548341715,-49.61421177113616,-49.20397976470465,-48.76851569370265,-48.30523830761598,-47.81122339464331,-47.28314996166769,-46.71723650084984,-46.10916546400146,-45.45399372275572,-44.74604641976228,-43.97879123670381,-43.144689766076546,-42.23502246388423,-41.23968373707252,-40.14694435316503,-38.943180003137655,-37.612568244728486,-36.13676239630383,-34.494488579879764,-32.66140639943124,-30.609844044410043,-28.30882431036582,-25.724519532317174,-22.821431548333436,-19.564749737963737,-15.92449749300403,-11.88215100632434,-7.440187457778931,-2.634144488889252,2.455055320774882,7.693305594099476,12.896666226906135,17.851060905691696,22.347123877971566,26.219905115681026,29.377985899830637,31.81076754616379,33.573957391178276,34.763039271467655,35.48664411786549,35.84737685899585,35.93183886655816,35.80788629944535,35.52611899122291,35.12311372767807,34.62490344541715,34.04997793585046,33.41159368516665,32.71945104541862,31.980856622065154,31.20150676058528,30.38600638824471,29.538209075251917,28.66143885780105,27.758634870580238,26.832445944556095,25.885292871181484,24.919409779471323,23.9368720051915,22.939615211469278,21.92944883872218,20.908065882090916,19.877050298629847,18.837882895284924,17.791946254039587,16.740529056780936,15.684830044080142,14.625961756649016,13.564954151231753,12.502758144696104,11.44024911490815,10.378230370485943,9.317436590951669,8.25853723224618,7.202139888730127,6.148793600768767,5.0989920961506465,4.053176953482928,3.0117406760282575,1.97502966498537,0.9433470818187621,-0.08304441018671826,-1.1039200344988065,-2.1190904290555808,-3.128399321966535,-4.131721364016682,-5.128960126926308,-6.120046276585188,-7.104935930851333,-8.083609211945069,-9.056069003935187,-10.02233992625512,-10.98246753454611,-11.93651776033996,-12.884576601101374,-13.826750071883263,-14.763164429244158,-15.693966677076927,-16.61932536255308,-17.53943166846159,-18.454500805795384,-19.364773707513024,-20.27051902099673,-21.17203539287919,-22.06965403567339,-22.963741561068687,-23.854703059903414,-24.742985404286983,-25.629080740077832,-26.51353013361753,-27.396927331516736,-28.279922583025463,-29.16322646643404,-30.04761365043262,-30.933926507667568,-31.823078479879513,-32.71605707054178,-33.613926310098954,-34.51782849869703,-35.428984979379685,-36.34869562854473,-37.27833666731362,-38.21935629470825,-39.17326751895872,-40.14163741574701,-41.126071868040945,-42.128194653822895,-43.14961954510759,-44.191913878104415,-45.25655187815786,-46.34485591220666,-47.457923865335594,-48.59654106582573,-49.76107572306857,-50.951357849201855,-52.1665432575624,-53.40496661905435,-54.66399081614949,-55.93986393676483,-57.22759992939004,-58.520903567714186,-59.81216385985995,-61.092540800055936,-62.352166577259716,-63.58047248530383,-64.76663634259215,-65.90012377661529,-66.97127433040559,-67.97186610669412,-68.89558690537747,-69.73834939903828,-70.49841199233768,-71.17629972582792,-71.77455199843443,-72.29734756740744,-72.75006748041184,-73.13885340836394,-73.47020615263912,-73.75065221047132,-73.98649000641753,-74.18361462129266,-74.34741163710999,-74.48270676373012,-74.59375712795224,-74.68427134446596,-74.75744764396553,-74.81602178203121,-74.86231879011034,-74.89830454850149,-74.92563463348387,-74.94569901861539,-74.959662004117,-74.968497235831,-74.9730180019966,-74.97390316575076,-74.971719187589,-74.96693871787693,-74.95995620789436,-74.95110097434501,-74.9406481104308,-74.92882757941257,-74.91583176500032,-74.9018217457977,-74.8869325205795,-74.87127734312902,-74.85495132736997,-74.83803443958789,-74.82059397468126,-74.80268662941945,-74.78436023406287,-74.76565518463235,-74.7466056362157,-74.7272404910938,-74.7075842262685,-74.68765759956958,-74.66747823971771,-74.647061131834,-74.62641901865251,-74.60556274831738,-74.58450156978225,-74.56324336783992,-74.541794861161,-74.52016178005972,-74.49834901439125,-74.47636074450584,-74.45420055278798,-74.43187150798244,-74.4093762309951,-74.38671695493639,-74.36389559214373,-74.34091378145312,-74.31777292172092,-74.29447420935145,-74.27101866725923,-74.24740716751532,-74.22364045705453,-74.19971917812993,-74.17564388384946,-74.1514150607148,-74.12703313328133,-74.10249846196045,-74.07781135999926,-74.05297209933723,-74.02798090355299,-74.00283795908905,-73.97754343929505,-73.95209750950788,-73.92650032151344,-73.90075201225847,-73.87485271313562,-73.84880255325524,-73.82260165164838,-73.79625012247256,-73.76974808289738,-73.74309565524436,-73.71629296428715,-73.68934013513778,-73.66223729578405,-73.63498457471381,-73.60758210073539,-73.58003001123038,-73.55232845127816,-73.52447756783077,-73.49647751798231,-73.46832847220735,-73.44003060890863,-73.4115841114956,-73.38298916926449,-73.3542459820438,-73.32535476749585,-73.29631576482545,-73.26712922748077,-73.2377954187324,-73.2083146130069,-73.1786870978529,-73.14891316964493,-73.11899313110818,-73.08892729486722,-73.05871598556685,-73.02835953968359,-72.99785830618472,-72.96721265102885,-72.93642295594194,-72.90548961724609,-72.87441304599075,-72.84319366866941,-72.81183192645842,-72.7803282705062,-72.74868316096479,-72.71689707084502,-72.68497048919394,-72.65290392244856,-72.62069789162426,-72.58835292690746,-72.55586956614516,-72.52324835753123,-72.49048986331488,-72.45759465781234,-72.42456332514023,-72.3913964593307,-72.35809466427496,-72.3246585586864,-72.291088779581,-72.25738597911888,-72.22355082353364,-72.1895839926949,-72.15548617845168,-72.12125808623067,-72.08690043302055,-72.05241394490318,-72.01779935979799,-71.98305742853815,-71.9481889155463,-71.9131946012063,-71.87807528105584,-71.84283176116223,-71.80746485812982,-71.77197539943978,-71.7363642222109,-71.70063217521643,-71.66478012071676,-71.62880893352406,-71.59271950089992,-71.55651272353494,-71.52018951417384,-71.48375079524179,-71.44719749854174,-71.4105305650504,-71.37375094475175,-71.33685959666481,-71.2998574896119,-71.26274560309813,-71.22552492575842,-71.18819645599683,-71.15076120468883,-71.11322019359787,-71.07557445330242,-71.03782502374153,-70.9999729536271,-70.96201930035815,-70.9239651303651,-70.88581151894137,-70.84755954997648,-70.80921031540065,-70.77076491481253,-70.73222445606005,-70.69359005604869,-70.65486284029413,-70.61604394249122,-70.57713450457915,-70.53813567663805,-70.49904861630877,-70.45987448769992,-70.42061446148361,-70.38126971575498,-70.34184143547063,-70.30233081213647,-70.2627390437832,-70.22306733430871,-70.18331689331552,-70.1434889360398,-70.10358468313424,-70.06360536012339,-70.02355219709466,-69.98342642866437,-69.94322929396957,-69.90296203710699,-69.86262590678774,-69.82222215612559,-69.78175204301351,-69.74121682928973,-69.70061778031604,-69.65995616463064,-69.61923325361872,-69.57845032168558,-69.53760864575719,-69.49670950483113,-69.4557541798938,-69.41474395381384,-69.3736801112169,-69.33256393934892,-69.29139672777812,-69.25017976754393,-69.2089143508436,-69.16760177032977,-69.12624331901497,-69.08484029034727,-69.04339397846213,-69.00190567779997,-68.96037668255565,-68.91880828660577,-68.87720178376297,-68.83555846801588,-68.79387963320552,-68.75216657240335,-68.71042057788208,-68.66864294121805,-68.62683495286757,-68.5849979019737,-68.54313307641219,-68.50124176284363,-68.45932524677885,-68.41738481266478,-68.37542174399816,-68.33343732347491,-68.29143283318393,-68.24940955485499,-68.20736877017215,-68.16531176116574,-68.12323981069842,-68.08115420306409,-68.03905622472175,-67.99694716519181,-67.95482831814773,-67.91270098274384,-67.87056646522954,-67.82842608091201,-67.78628115654456,-67.74413303323723,-67.7019830700097,-67.65983264813727,-67.6176831764782,-67.57553609801741,-67.53339289791818,-67.49125511343956,-67.44912434615087,-67.40700227694607,-67.36489068441124,-67.32279146708304,-67.28070666997174,-67.23863851523836,-67.1965894358013,-67.15456210832744,-67.11255947755639,-67.07058475575494,-67.02864136790521,-66.98673279609517,-66.94486226513109,-66.9030322316163,-66.86124372864742,-66.81949578391854,-66.77778526574146,-66.73610741414237,-66.6944569215125,-66.65282905282862,-66.61122032624134,-66.56962864202704,-66.52805305429993,-66.48649343232549,-66.44495016051054,-66.26198766825489,-66.0837642928718,-65.91030584013659,-65.74159872675598,-65.57760854900144,-65.41829016492886,-65.26359309286782,-65.11346435646927,-64.9678499455311,-64.82669552877618,-64.68994676451166,-64.5575493982181,-64.42944925126709,-64.30559215875158,-64.18592388892523,-64.0703900624444,-63.95893608141156,-63.85150707341375,-63.74804785287019,-63.64850290024559,-63.552816358604666,-63.46093204632139,-63.37279348436503,-63.288343936371014,-63.20752645961123,-63.13028396496758,-63.056559284058565,-62.986295241753965,-62.91943473242418,-62.85592079839937,-62.79569670925209,-62.73870604066069,-62.68489275175492,-62.6342012599879,-62.5865765127161,-62.54196405480158,-62.50031009167517,-62.46156154741636,-62.4256661175138,-62.39257231606961,-62.36222951730114,-62.334587991275036,-62.309598933881325,-62.28721449111922,-62.26738777782276,-62.25007289100295,-62.23522491802485,-62.2227999398733,-62.21275502979059,-62.20504824759379,-62.19963862999927,-62.196486177298375,-62.19555183674085,-62.19679748299328,-62.20018589604846,-62.205680736968496,-62.21324652185157,-62.222848594418174,-62.23445309761954,-62.248026944678585,-62.26353778998191,-62.28095400025196,-62.300244626439955,-62.32137937679408,-62.34432859157316,-62.36906321989375,-62.39555479921788,-62.423760910419404,-62.453655203636295,-62.48521190856894,-62.51840577936849,-62.55321206910207,-62.58960652087842,-62.62756537331083,-62.66706537874271,-62.708083833235484,-62.75059861775363,-62.79458825030719,-62.84003194904847,-62.8869097064869,-62.93520237508892,-62.984891764590124,-63.035960751369075,-63.08839340021165,-63.14217509874302,-63.197292704728504,-63.253734706331684,-63.31149139526912,-63.370555052611905,-63.430857795318005,-63.49239208829622,-63.55516763276022,-63.61919534443867,-63.68448783163494,-63.75104233958723,-63.81885233801583,-63.887919387622055,-63.95817163042035,-64.0296041568326,-64.10227568785872,-64.17624578130261,-64.25152254144456,-64.32815030454056,-64.40617134028211,-64.48566154909967,-64.56664394314899,-64.64918317398127,-64.73326740132042,-64.81892948409728,-64.90623938878433,-64.99510894197171,-65.08561795681462,-65.17780027130371,-65.27143805220064,-65.36644168211333,-65.46282504783157,-65.56046488081483,-65.65924338414791,-65.75906535254151,-65.85976515322896,-65.96113968169412,-66.06297754407419,-66.16492020731785,-66.26673274200114,-66.36803733429996,-66.46853136242727,-66.56802463259346,-66.66628582808481,-66.76296088634075,-66.85782260778356,-66.95055703091992,-67.04106099319695,-67.12916825651314,-67.2143759512913,-67.29636609829184,-67.37508313812981,-67.45057776622902,-67.5229516466889,-67.59237508886697,-67.6587269632583,-67.72203085457566,-67.78248656464278,-67.84029631080594,-67.89526372830683,-67.94735581360156,-67.9964942410862,-68.04256739533453,-68.08546858799298,-68.12505354788765,-68.16141224399195,-68.19462988061018,-68.22490387784194,-68.25218731041352,-68.27658712707488,-68.29812906400579,-68.31677647968233,-68.33257700603383,-68.34555116409402,-68.35590423701305,-68.36347507817582,-68.36795265966036,-68.36928113735836,-68.36784854354407,-68.36404816647759,-68.35781842916761,-68.34873224416145,-68.33697914816109,-68.32268650862481,-68.30562382009263,-68.28581051718177,-68.26345328478006,-68.23842594612123,-68.21079761053367,-68.18059050091578,-68.14791347911454,-68.11321504556287,-68.07668836210986,-68.03837234046941,-67.99834453264737,-67.95681713095856,-67.91390345277655,-67.8696940982148,-67.82441609071512,-67.77816705420231,-67.73072995993125,-67.68217704378922,-67.63221910205817,-67.58074351957411,-67.52789351921028,-67.47356712293013,-67.41774000484065,-67.36041041613788,-67.3014981891197,-67.24090240995433,-67.17861708017138,-67.11455923210693,-67.04841710818802,-66.98046662013195,-66.91102121823766,-66.84017764882164,-66.76801237006126,-66.69462841797034,-66.62025123182246,-66.5450109306241,-66.46852481007573,-66.39060021269778,-66.311126507786,-66.23029023321837,-66.14819499478615,-66.06484638754162,-65.98048975499951,-65.89505512987273,-65.80851955736101,-65.72112436289,-65.63318526777233,-65.5448951287236,-65.4564038158995,-65.36780507598635,-65.27906801621035,-65.18991996742645,-65.10029812496323,-65.01032508313008,-64.92020801758215,-64.83000095664073,-64.7397175828227,-64.6492733321255,-64.55878512629482,-64.46830395764887,-64.37773631774992,-64.2870730563595,-64.19630398324793,-64.10543600488157,-64.01444331699291,-63.92333233651762,-63.831942299310924,-63.74023273918303,-63.648051885140575,-63.555209469162484,-63.46170636365805,-63.367418636372285,-63.272353981982555,-63.17675263616201,-63.08068333005981,-62.98427618182184,-62.887700026605344,-62.79110238399272,-62.69443451197274,-62.597700808113586,-62.5006958813335,-62.403429132626925,-62.305976085405845,-62.20833144384397,-62.11057674416816,-62.01283942811467,-61.91519364391244,-61.817594974628214,-61.720036826939136,-61.622474473397254,-61.52488982515191,-61.427283890275305,-61.32964200505671,-61.23199052320289,-61.134257165094624,-61.03651096939985,-60.93880125690058,-60.841160514116716,-60.74350288799503,-60.64573443429937,-60.54783723139797,-60.44978566785227,-60.351492802696654,-60.25295176332806,-60.15413367113508,-60.05496988794087,-59.9555050642884,-59.85576691022298,-59.75576915197961,-59.65547848187063,-59.55475946562473,-59.45362276998559,-59.3520138338002,-59.24978953105323,-59.14689028524801,-59.04319269203938,-58.93873526563779,-58.83353738110002,-58.727602413921794,-58.62092027568429,-58.51339179246452,-58.40494366571121,-58.295519315637435,-58.185098675041026,-58.073649609525425,-57.96112948101789,-57.847486370598524,-57.73266001796442,-57.61658252402129,-57.49917885416981,-57.38036717248453,-57.26005890813121,-57.13807197225192,-57.014322063520886,-56.88871472843821,-56.76114574148958,-56.63150128563244,-56.49965795678189,-56.36548261023275,-56.228832062062,-56.089552654326596,-55.94747968915366,-55.80228274646766,-55.65378398719935,-55.501809092058245,-55.346163314935254,-55.18663127610334,-55.02297639671698,-54.85493999320505,-54.68216220240291,-54.504262144614835,-54.32093075979848,-54.1318299388611,-53.93658450814608,-53.73470205102798,-53.52573386682311,-53.30919208676397,-53.084536394378084,-52.85116967208495,-52.60843270818192,-52.35559788164614,-52.091861714606544,-51.81629989005461,-51.52788772450587,-51.225551137120796,-50.90809230348835,-50.57417423798074,-50.222302632885736,-49.85080451080564,-49.45780314846564,-49.04118861331919,-48.59858311528672,-48.127300210320804,-47.62429669572115,-47.086115804849925,-46.50882003767668,-45.88791165233335,-45.21823849539626,-44.493882477981764,-43.708027640536635,-42.85280444966251,-41.91910684208895,-40.896303714733705,-39.7721498933778,-38.5324300414875,-37.16064078706681,-35.63766505730319,-33.941453380246486,-32.04675890181372,-29.92500857372084,-27.544449158581934,-24.87079178038635,-21.868699813607442,-18.50461753656385,-14.751579742699992,-10.596650410737144,-6.051254161206159,-1.1635280449995156,3.9702664093820914,9.200731306254106,14.333276051280308,19.15271522072505,23.46063353131441,27.11307998649011,30.043583450496865,32.26336343464575,33.842192631518174,34.88104241590527,35.48743451571163,35.759186498816504,35.776909990734616,35.60279663250867,35.28279068764513,34.84995920443535,34.32782828691208,33.73316103798075,33.07805555716976,32.37144617273289,31.620135758630077,30.829488439598368,30.003887382416288,29.147034794914365,28.262147882340102,27.352086956151382,26.419439552750315,25.466576089745868,24.49568710103728,23.508808531572814,22.507839279666403,21.49455370159446,20.470610845281982,19.437561567258836,18.396854288636575,17.34983988485787,16.29777603176438,15.241831216193944,14.183088543069923,13.12254942001058,12.061137166530465,10.99970057242348,9.939017415230122,8.879797937310396,7.822688277267316,6.76827384711934,5.717082644886984,4.669588491568654,3.6262141814346114,2.5873345348865344,1.5532793436198964,0.5243361983545671,-0.499246810122675,-1.5172585254883892,-2.529522304637417,-3.5358937492347557,-4.536258598710171,-5.530530793556132,-6.518650718124214,-7.500583632538691,-8.47631830381981,-9.445865846787486,-10.409258785745656,-11.366550348269978,-12.31781400257393,-13.263143249845951,-14.202651682567398,-15.136473319076948,-16.06476322348583,-16.98769841842674,-17.905479096007134,-18.818330129723506,-19.72650288698388,-20.630277338309643,-21.529964455288432,-22.425908884982586,-23.318491884348006,-24.208134491532185,-25.095300907058395,-25.980502053516187,-26.864299274536602,-27.747308127680835,-28.63020221832102,-29.513717012239365,-30.398653552903863,-31.285881994180734,-32.17634483933446,-33.07105975098335,-33.971121762361484,-34.877704675633126,-35.79206137568879,-36.715522715191376,-37.649494535922365,-38.595452280127375,-39.55493251163748,-40.52952050943403,-41.520832913351995,-42.530494207141615,-43.56010561942991,-44.61120482212585,-45.68521465227382,-46.78337902126902,-47.906684263418015,-49.05576450998722,-50.230790384844695,-51.431341552058704,-52.65626555737539,-53.90352813637889,-55.1700637745212,-56.4516396918678,-57.7427512000596,-59.03657071954349,-60.32497536469128,-61.59867718639338,-62.847474097351096,-64.06062696524697,-65.2273495572951,-66.33737551363116,-67.38154534065838,-68.35234303363418,-69.24431205201729,-70.05429617014526,-70.78147928218227,-71.4272320553701,-71.9948031646352,-72.4889114665589,-72.9153000686596,-73.28030563166693,-73.59048121639802,-73.85229379071396,-74.07190234955203,-74.25501163673634,-74.40679001267642,-74.53183746906946,-74.63418996541563,-74.71734798167101,-74.78431952441402,-74.8376702725402,-74.87957572818958,-74.91187200083404,-74.93610318186944,-74.95356422610647,-74.96533894683026,-74.97233313678298,-74.97530309027312,-74.9748799305906,-74.97159020637682,-74.96587324524889,-74.95809570841001,-74.94856375231174,-74.93753316501984,-74.92521781336866,-74.91179666424979,-74.89741960855096,-74.8822123074393,-74.86628021710867,-74.84971193117018,-74.8325819591827,-74.81495302964304,-74.7968780161902,-74.77840154570401,-74.75956131666663,-74.74038919957358,-74.72091216837984,-74.70115307977463,-74.68113132718688,-74.66086338884413,-74.64036327987624,-74.61964292498072,-74.59871247686635,-74.57758058750223,-74.55625463373691,-74.53474090444111,-74.51304476211956,-74.49117078449206,-74.46912289316519,-74.44690444835544,-74.42451831583787,-74.40196694235057,-74.37925241982255,-74.35637653749254,-74.33334082503123,-74.31014658534303,-74.28679493241367,-74.26328682244662,-74.23962307069033,-74.2158043733253,-74.19183133564067,-74.1677044835475,-74.1434242734983,-74.11899110224216,-74.09440530676817,-74.06966717283545,-74.0447769480507,-74.01973484614678,-73.99454104770051,-73.9691957165394,-73.94369900952026,-73.91805107465717,-73.89225204784466,-73.86630205304988,-73.84020121392378,-73.81394965586112,-73.78754749893045,-73.76099485779112,-73.73429184824926,-73.70743859089664,-73.68043520955463,-73.65328183095856,-73.62597858341897,-73.59852559545561,-73.5709230013298,-73.5431709458395,-73.51526957945717,-73.48721905790497,-73.45901954719368,-73.43067122490979,-73.40217427880853,-73.37352890645262,-73.34473531882581,-73.31579374431148,-73.28670442967656,-73.25746763489285,-73.2280836278594,-73.19855268258527,-73.16887508242516,-73.13905112081956,-73.10908110068866,-73.07896533788379,-73.0487041642695,-73.01829792710893,-72.98774698528926,-72.95705171238944,-72.92621249706905,-72.89522974235894,-72.86410386830461,-72.83283530920858,-72.80142450906278,-72.769871921801,-72.73817801302026,-72.70634326306241,-72.6743681682638,-72.64225323770063,-72.60999899179393,-72.57760596075082,-72.54507468386323,-72.5124057118033,-72.47959960795575,-72.44665694695975,-72.41357831500265,-72.38036431108283,-72.34701554660816,-72.3135326481668,-72.27991625958614,-72.24616703806565,-72.21228565394975,-72.17827279461999,-72.14412916060711,-72.10985546146594,-72.07545241641107,-72.04092075540787,-72.00626122294186,-71.97147457920411,-71.9365615975166,-71.90152306266612,-71.86635977162378,-71.83107253216058,-71.79566216333274,-71.7601294970053,-71.72447537599261,-71.6887006545409,-71.65280620067567,-71.61679289605229,-71.58066163378774,-71.54441331740529,-71.50804886222352,-71.47156919408127,-71.43497524759795,-71.39826796588805,-71.36144830049514,-71.32451721252178,-71.28747567338135,-71.25032466532367,-71.2130651815545,-71.17569822634769,-71.13822481484088,-71.10064597121608,-71.06296272890957,-71.02517613240755,-70.98728723593146,-70.94929710142439,-70.91120679860644,-70.87301740608127,-70.8347300107423,-70.79634570698003,-70.7578655969903,-70.7192907914595,-70.6806224102786,-70.641861582115,-70.6030094448276,-70.56406714549911,-70.52503583826714,-70.48591668328189,-70.4467108468774,-70.40741950210665,-70.36804382982686,-70.32858501838066,-70.28904426251142,-70.24942276265641,-70.20972172478052,-70.16994236062338,-70.13008588759486,-70.09015352853427,-70.05014651115587,-70.01006606778928,-69.96991343586139,-69.92968985759364,-69.88939657982365,-69.84903485440081,-69.80860593738143,-69.76811108862691,-69.72755157147196,-69.68692865240754,-69.64624360125772,-69.60549769069031,-69.56469219577579,-69.52382839390651,-69.48290756469133,-69.44193098983077,-69.40089995396724,-69.35981574438762,-69.3186796501789,-69.27749296191452,-69.2362569709558,-69.19497296935225,-69.15364224991029,-69.11226610643513,-69.07084583334553,-69.02938272512205,-68.98787807622617,-68.94633318100801,-68.90474933384226,-68.86312782956306,-68.82146996310277,-68.77977702897634,-68.73805032115796,-68.69629113265779,-68.65450075532179,-68.61268047986297,-68.57083159589425,-68.5289553919696,-68.48705315564028,-68.44512617353284,-68.40317573145609,-68.36120311454464,-68.31920960744756,-68.27719649457177,-68.23516506039138,-68.19311658983608,-68.15105236877399,-68.10897368460763,-68.06688182700556,-68.02477808879661,-67.98266376706039,-67.9405401644546,-67.89840859082993,-67.8562703651948,-67.8141268181078,-67.77197929459473,-67.72982915771144,-67.6876777929039,-67.64552661335514,-67.60337706655518,-67.56123064238685,-67.51908888308596,-67.47695339550643,-67.43482586618941,-67.39270807977881,-67.35060194129787,-67.30850950261062,-67.26643299286133,-67.2243748514821,-67.18233775988286,-67.14032466317047,-67.09833876472095,-67.05638346290831,-67.01446218250076,-66.9725780441945,-66.93073334203206,-66.88892889658753,-66.84716351834749,-66.80543393195411,-66.76373537797971,-66.72206270459552,-66.68041142968798,-66.63877833867042,-66.59716155519611,-66.55556029365842,-66.51397452733244,-66.4724047041113,-66.28962901833889,-66.11162445019527,-65.93840981313859,-65.76996737775669,-65.60626014512717,-65.44724121458353,-65.2928587943191,-65.14305883749444,-64.99778639097491,-64.85698624827113,-64.72060322863702,-64.58858225851188,-64.46086835256965,-64.33740654857752,-64.21814182646246,-64.10301902859047,-63.991982790566105,-63.88497748733407,-63.78194719664562,-63.68283568029174,-63.587586382483266,-63.496142444135195,-63.40844673144654,-63.32444187697123,-63.24407033129462,-63.167274423428424,-63.09399642808917,-63.024178638115146,-62.957763440391055,-62.89469339378026,-62.8349113077038,-62.77836032014928,-62.72498397403664,-62.674726291009435,-62.62753184185735,-62.5833458129061,-62.54211406783452,-62.503783204493566,-62.46830060640876,-62.43561448874487,-62.40567393860045,-62.37842894957949,-62.35383045065831,-62.33183032942864,-62.31238144985241,-62.29543766471119,-62.28095382297361,-62.26888577233826,-62.259190357238104,-62.25182541261593,-62.246749753799605,-62.24392316282128,-62.243306371537265,-62.24486104191516,-62.24854974386332,-62.25433593098458,-62.26218391464274,-62.2720588367367,-62.28392664158378,-62.29775404732154,-62.31350851724592,-62.33115823151435,-62.3506720596541,-62.37201953433056,-62.39517082684601,-62.42009672485745,-62.44676861282182,-62.47514373363118,-62.50519564672898,-62.536898495081594,-62.57022695276115,-62.60515620205115,-62.64166192707211,-62.67972032164764,-62.719308109871044,-62.760402578399116,-62.802981619929,-62.847023787633,-62.892508360558345,-62.93941542016118,-62.987725938243,-63.037421876614225,-63.08848629882827,-63.14090349430504,-63.194659115107385,-63.24974032555405,-63.30613596473478,-63.36383672183835,-63.422835324007494,-63.483064077019876,-63.54451598764096,-63.60720142165959,-63.671132002028514,-63.73632108947231,-63.80276664937304,-63.870462893525854,-63.93941219654649,-64.00954322402492,-64.08085191146061,-64.15339811272216,-64.22724251895265,-64.3023941299872,-64.37889829705182,-64.45679823400528,-64.53617083538843,-64.61703974809784,-64.69947025556276,-64.78345058355,-64.86901354540244,-64.95622884587898,-65.045006917675,-65.1354263710202,-65.22751904061745,-65.32106337605406,-65.41596593143716,-65.51223655196723,-65.6097468107943,-65.70837338594694,-65.80801546484389,-65.9085016796925,-66.00962355562311,-66.11116515710087,-66.21276418093487,-66.31418373458888,-66.41504525048863,-66.51504709831717,-66.61400165200276,-66.71168116091204,-66.80773576311469,-66.90194314138243,-66.99399432276329,-67.08379127617677,-67.17117257151456,-67.25563959826691,-67.33687836824791,-67.41483696546035,-67.48956926619874,-67.56117965181495,-67.62984072935386,-67.69543323448198,-67.75798232760961,-67.81768912831308,-67.87475692816847,-67.92899020653664,-67.98035665479702,-68.02877850274945,-68.0741445744234,-68.11634852464711,-68.15524634349072,-68.19092819496639,-68.22347942028048,-68.25309752793454,-68.2797356411108,-68.30350072109107,-68.32441848836282,-68.34245226126988,-68.35764960889261,-68.37003097200257,-68.37980153570173,-68.3868000497532,-68.39071537127354,-68.39149152332911,-68.38951638931812,-68.38518310743187,-68.37842995857102,-68.36882971376765,-68.35657174568436,-68.34178325880093,-68.32423359128653,-68.30394201058675,-68.28111502947098,-68.2556263085885,-68.22754478775764,-68.19689252236934,-68.16377820526701,-68.12865016213271,-68.09170139371426,-68.05297065770888,-68.01253535222072,-67.97060751425892,-67.92730031259342,-67.8827042019796,-67.8370460594056,-67.79042337042316,-67.74261897885172,-67.6937049830747,-67.64339205438996,-67.59156744477133,-67.53837423725835,-67.48371032531041,-67.42755125268644,-67.36989514131224,-67.31066169863895,-67.24974988747977,-67.18715358374956,-67.12278969867967,-67.05634636158473,-66.98809935001593,-66.91836198565022,-66.84723090010166,-66.77478244075299,-66.70111953475909,-66.62646751158059,-66.55095638849872,-66.47420338014585,-66.39601573665472,-66.31628273052009,-66.23519079214735,-66.15284342713086,-66.0692461366796,-65.98464416291729,-65.89896745349898,-65.81219296654638,-65.72456193089627,-65.63638997277272,-65.54786986371876,-65.45915139348756,-65.37032823287556,-65.28136941953427,-65.19200222390734,-65.1021637683657,-65.01197656584695,-64.92164770899798,-64.83123115247868,-64.74074050742333,-64.65009114256267,-64.55939990220335,-64.46871770546548,-64.37795097737902,-64.28709049565687,-64.19612599747863,-64.10506431529639,-64.01387957184978,-63.92257810860988,-63.83099909311189,-63.73910198219942,-63.64673493177725,-63.553707599516386,-63.46002077066938,-63.36555043073901,-63.27030418269833,-63.174522157678055,-63.07827299247275,-62.98168670692176,-62.88493203573988,-62.78815639938085,-62.69131096663793,-62.59440004018661,-62.497218142687515,-62.39977457220153,-62.302144743041964,-62.20432325270249,-62.1063915228763,-62.00847687610241,-61.91065334267701,-61.81287639183477,-61.71513931011938,-61.617397248207226,-61.51963198925442,-61.42184440774795,-61.324019702807874,-61.22618408364593,-61.12826512726489,-61.0303317143753,-60.932433004256964,-60.834601317750504,-60.73675063763056,-60.63878684846403,-60.5406918446156,-60.44243982343082,-60.34394364828784,-60.24519623627396,-60.14616849061567,-60.04679154739118,-59.947109812778685,-59.84715074293539,-59.74692779970119,-59.64640740183135,-59.54545383463854,-59.44407745870906,-59.34222339578793,-59.23974819156759,-59.13659191582361,-59.03263079456548,-58.92790293832295,-58.82242729730968,-58.716206799129424,-58.60923088243048,-58.501399878765774,-58.39263996192814,-58.28289398969094,-58.172141293635946,-58.060349100571905,-57.947474092837496,-57.83346362762922,-57.71825667264178,-57.601784504473144,-57.48397120731787,-57.36473400209774,-57.24398330733114,-57.121535956805104,-56.997306481713665,-56.87119917289469,-56.74310845268834,-56.61291904621561,-56.480505975636255,-56.3457343951926,-56.20845927993534,-56.06852497677698,-55.925764622775375,-55.779845458813206,-55.630587081967974,-55.47781237565012,-55.3213235402059,-55.160901857854576,-54.9963070952468,-54.82727656170126,-54.65344600093406,-54.474429698201284,-54.289913252286226,-54.099552656103974,-53.902966212732146,-53.69965428611939,-53.48916014998923,-53.270987007103486,-53.04458458992404,-52.80934466760515,-52.56459559119554,-52.30959579052613,-52.0435261079049,-51.76544456522098,-51.47430653335994,-51.169015340681895,-50.84834752206219,-50.51093691584123,-50.15525592946054,-49.77959351275779,-49.38202927588793,-48.96040306769006,-48.51227918603773,-48.03490421991237,-47.52515731906067,-46.97949144683762,-46.39386389204807,-45.763653995882116,-45.08356569556753,-44.347512112700166,-43.54847905541101,-42.67836402548219,-41.727787243751216,-40.68579652720465,-39.53977120092717,-38.275059290220454,-36.8746543418208,-35.31886793901627,-33.58501620075105,-31.64717284215534,-29.476080599810484,-27.03937416666027,-24.302359798257356,-21.229725465985055,-17.788711790655796,-13.954404214495732,-9.717762349140106,-5.096497202565916,-0.14758068614323516,5.022083695721091,10.25271675979923,15.342839197756856,20.077093531279672,24.264970322592156,27.776754373437285,30.562292631240652,32.64666749854447,34.10834631387835,35.051556819692465,35.58302298337355,35.79755901786532,35.772076778144466,35.56528367636179,35.22025102606543,34.76786549676821,34.230081762172226,33.62256343107631,32.95665678509136,32.24078708174766,31.481412786049702,30.683663294632918,29.85175934558419,28.989288160637685,28.099383095691007,27.184841132320145,26.24820010438777,25.291789880559893,24.31776669012277,23.328136520689654,22.324771420064618,21.309421187995035,20.28372207668665,19.249203558162673,18.207293851362877,17.159324662326508,16.106535432540873,15.050077285353478,13.991016790160103,12.930339617201438,11.868954124578158,10.807694898466776,9.747326254093673,8.688545696502974,7.631987334959573,6.578225241872414,5.527776745646449,4.481105646344743,3.4386253430941274,2.400701862538728,1.3676567781569424,0.339770010785992,-0.6827174988370968,-1.6996012543593686,-2.7107108135554023,-3.7159075521128715,-4.715082590142612,-5.708154890333819,-6.695069537027726,-7.675796205919033,-8.65032783457245,-9.618679504415356,-10.580887545282621,-11.537008873886457,-12.487120577700049,-13.431319755612524,-14.369723626270904,-15.302469914210445,-16.229717522635756,-17.1516475000089,-18.068464305401136,-18.98039737486304,-19.887702987874853,-20.790666429285494,-21.689604438081652,-22.584867929903687,-23.476844976032496,-24.36596401482195,-25.25269726765692,-26.13756432707718,-27.021135876745088,-27.90403749663248,-28.786953499008305,-29.670630731087005,-30.555882267898493,-31.443590903001912,-32.33471232375881,-33.23027783039008,-34.1313964220529,-35.03925602648207,-35.95512358987819,-36.88034366803236,-37.81633506544327,-38.764584954001975,-39.72663976509284,-40.70409198429775,-41.69856179701867,-42.71167233442748,-43.74501706139288,-44.80011765212879,-45.87837055968057,-46.98098044775625,-48.10887877171994,-49.262626186829756,-50.442298257905875,-51.64735528543731,-52.87649911088708,-54.12752265278421,-55.39716169243014,-56.680962925024915,-57.97318706586183,-59.26676994897414,-60.55336669883981,-61.82350242662455,-63.06684575426755,-64.2726077288597,-65.43004895614037,-66.52905506749968,-67.56072033394224,-68.51786790789625,-69.39543805820566,-70.19069420904746,-70.90322675760055,-71.5347684411903,-72.08886330004245,-72.57044747775997,-72.98540227201079,-73.34013051152802,-73.64119152531637,-73.89501288556126,-74.1076825872805,-74.28481516074108,-74.43147953958422,-74.5521745532833,-74.65083845199007,-74.73088071098138,-74.79522679782112,-74.84636903152833,-74.88641872595964,-74.91715650147341,-74.94007892257707,-74.95644053677461,-74.96729100002479,-74.97350735857906,-74.97582179303792,-74.974845248066,-74.97108742297223,-74.96497359218513,-74.95685870221624,-74.94703914978294,-74.93576259796646,-74.92323614213909,-74.90963309852346,-74.89509864678418,-74.87975451760921,-74.8637028886908,-74.8470296141595,-74.82980690535365,-74.81209556887663,-74.79394687565656,-74.77540410466159,-74.7565038193771,-74.73727693575287,-74.71774962549567,-74.69794407414922,-74.67787911332155,-74.65757074379536,-74.63703256717612,-74.61627615896768,-74.59531137961369,-74.57414662866819,-74.55278906350614,-74.53124478652298,-74.50951900184802,-74.48761615988622,-74.46554007714907,-74.44329401596707,-74.4208807547646,-74.3983026677071,-74.37556178830937,-74.35265985551527,-74.32959835306143,-74.30637854771376,-74.28300152409435,-74.25946820900047,-74.23577939401261,-74.21193575900418,-74.18793789562699,-74.16378632050379,-74.13948147910658,-74.115023751658,-74.09041346569339,-74.065650899427,-74.04073628593802,-74.01566982546501,-73.99045169846357,-73.96508207486532,-73.93956110996488,-73.91388894601143,-73.88806571700272,-73.86209154779496,-73.83596655937659,-73.80969087115443,-73.78326459965015,-73.75668786207788,-73.72996077693644,-73.70308346519712,-73.67605605023675,-73.64887865542117,-73.62155140513478,-73.59407443060105,-73.56644786887945,-73.53867186304409,-73.51074656533063,-73.48267213682644,-73.454448747537,-73.42607657480274,-73.39755580438063,-73.36888663360558,-73.34006927905348,-73.31110397656786,-73.28199097508958,-73.25273053330339,-73.22332291902536,-73.19376840994472,-73.16406729193507,-73.13421985906986,-73.10422641649886,-73.074087283137,-73.04380279190451,-73.01337328953218,-72.98279913740006,-72.95208071258021,-72.92121840605047,-72.89021262389562,-72.8590637894675,-72.82777233774291,-72.79633871175278,-72.76476336544286,-72.73304676634072,-72.70118939910724,-72.66919176458914,-72.6370543747541,-72.6047777510344,-72.57236242294253,-72.53980893138574,-72.50711783130886,-72.47428968845809,-72.44132507892147,-72.4082245899982,-72.37498882054862,-72.34161838511284,-72.30811391600216,-72.27447606018663,-72.24070547747246,-72.20680284165904,-72.17276884166203,-72.1386041780806,-72.10430956050976,-72.06988570843093,-72.03533335411247,-72.000653244556,-71.96584614141366,-71.93091282082158,-71.89585407110904,-71.86067069126386,-71.82536349108362,-71.78993329184739,-71.75438092596171,-71.71870723743284,-71.68291308367823,-71.64699933516002,-71.61096687550132,-71.57481660016443,-71.53854941536241,-71.50216623820539,-71.46566799498729,-71.42905562095079,-71.39233006007555,-71.3554922652525,-71.318543199996,-71.2814838383593,-71.24431516402419,-71.20703817195283,-71.16965386950918,-71.13216327359005,-71.09456740962469,-71.05686731331433,-71.01906403012617,-70.98115861439912,-70.9431521285573,-70.90504564378244,-70.86684024019229,-70.82853700552668,-70.79013703529615,-70.75164143351284,-70.71305131344258,-70.67436779713395,-70.63559201503595,-70.59672510685687,-70.55776822064283,-70.51872251095605,-70.47958913857066,-70.44036927104042,-70.40106408351245,-70.36167475845406,-70.32220248529953,-70.28264845969203,-70.24301388288521,-70.20329996201154,-70.16350790999323,-70.12363894531306,-70.08369429146713,-70.04367517665064,-70.00358283377663,-69.96341850093052,-69.92318342104561,-69.8828788417072,-69.8425060155342,-69.80206619936328,-69.76156065383839,-69.7209906430721,-69.6803574343233,-69.63966229816988,-69.59890650801638,-69.55809133965082,-69.5172180711623,-69.4762879828348,-69.43530235702178,-69.39426247899625,-69.35316963665365,-69.31202511966849,-69.27083021918179,-69.22958622710404,-69.1882944360172,-69.1469561392454,-69.10557263109904,-69.06414520649224,-69.0226751603943,-68.98116378775227,-68.93961238340258,-68.89802224254247,-68.8563946609304,-68.81473093400761,-68.77303235664415,-68.73130022323858,-68.68953582729591,-68.64774046123132,-68.60591541640775,-68.5640619831777,-68.52218145093595,-68.48027510819043,-68.4383442426579,-68.39639014139236,-68.35441409095402,-68.31241737762839,-68.27040128770571,-68.22836710783301,-68.18631612545335,-68.14424962934915,-68.10216891031044,-68.06007526195292,-68.01796998171616,-67.97585437207937,-67.93372974204043,-67.89159740891502,-67.84945870052621,-67.80731495787218,-67.76516753838139,-67.72301781989233,-67.68086720552871,-67.63871712968394,-67.59656906538058,-67.5544245333319,-67.51228511310256,-67.47015245683713,-67.42802830608316,-67.38591451224869,-67.34381306113211,-67.3017261016176,-67.25965597778942,-67.2176052619263,-67.17557678228495,-67.13357363299627,-67.09159914226808,-67.0496567592276,-67.00774980485376,-66.96588103787367,-66.92405204750352,-66.88226262575365,-66.8405104346291,-66.79879128729004,-66.75710006274437,-66.71543185153334,-66.67378280306946,-66.63215042826697,-66.59053346917095,-66.54893158336999,-66.50734502802793,-66.4657744196509,-66.28347510282327,-66.10604473252766,-65.93347594953167,-65.7657356185607,-65.60277729470246,-65.4445479219003,-65.2909913755309,-65.14205029206975,-64.99766697302574,-64.85778379105726,-64.7223433315354,-64.59128839759619,-64.46456194958162,-64.34210701841756,-64.22386661501167,-64.10978364783743,-63.99980085511546,-63.893860754589596,-63.79190561183322,-63.693877426760714,-63.599717937250944,-63.50936863833289,-63.42277081512982,-63.33986558764048,-63.26059396540983,-63.18489691017963,-63.1127154046896,-63.04399052590994,-62.978663521114655,-62.91667588534523,-62.857969438960104,-62.802486404112635,-62.7501694791459,-62.70096191003442,-62.65480755813841,-62.61165096366493,-62.571437404350775,-62.534112948993766,-62.499624505562025,-62.46791986370458,-62.43894773157109,-62.412657766924376,-62.38900060259642,-62.367927866397295,-62.349392195637805,-62.333347246470254,-62.31974769828935,-62.30854925346636,-62.29970863271566,-62.29318356641412,-62.28893278221103,-62.28691598927996,-62.28709385957551,-62.2894280064665,-62.29388096112512,-62.30041614705818,-62.30899785317289,-62.31959120577633,-62.33216213991479,-62.3466773704677,-62.363104363420085,-62.38141130774934,-62.40156708837488,-62.42354126063468,-62.44730402676963,-62.4728262149159,-62.500079261125784,-62.52901982297088,-62.559621677527595,-62.59185917705425,-62.625707204022945,-62.661141155570746,-62.69813694408212,-62.73667101177108,-62.776720357842485,-62.81826257735367,-62.861275911304595,-62.90573930778525,-62.951632494223276,-62.99893606092175,-63.04763155616129,-63.097701593183245,-63.149129969376176,-63.20190179794949,-63.25600365230844,-63.31142372324831,-63.368151988948625,-63.42618039757011,-63.48550306202987,-63.54605275719136,-63.60782411754625,-63.67082951495286,-63.73508268488767,-63.80059921569232,-63.86737914999532,-63.93541880964847,-64.00472288139387,-64.07522130234126,-64.14691232812845,-64.21985906816913,-64.29412542033165,-64.36972272068739,-64.44669900384599,-64.52509985675876,-64.60500464364173,-64.68643816599358,-64.76946675896154,-64.8540776593906,-64.94030219884857,-65.02820774543184,-65.1176984123528,-65.20884703655716,-65.30167686560885,-65.39595189359717,-65.49156386241943,-65.58850717255159,-65.686634374079,-65.78580219315302,-65.88589000046376,-65.98670669330335,-66.08802584272894,-66.18961687039625,-66.29110589416914,-66.39225074723355,-66.4926717672297,-66.5920719375495,-66.69027320919815,-66.78706037881473,-66.88209785856483,-66.97517942724498,-67.06601221680822,-67.15451444205301,-67.24053965431595,-67.32360232077305,-67.40340053265038,-67.47989325007086,-67.55314371318036,-67.62326418782735,-67.69043384848447,-67.75453867247049,-67.81560817439245,-67.87384704754619,-67.929461434982,-67.98225800331417,-68.03220619705387,-68.07922960342358,-68.12321808007339,-68.16406605024483,-68.20163005187891,-68.2360006146297,-68.2672632960329,-68.29561569628814,-68.32101094322263,-68.34355591216054,-68.36327617780637,-68.38013486214034,-68.39417928570496,-68.40542960754344,-68.41409068757925,-68.42000096368159,-68.42284896687447,-68.42257834301462,-68.41957654433345,-68.41423628564432,-68.40649547773627,-68.39592654798969,-68.38271844052912,-68.36699794460914,-68.34853402511882,-68.32734553924223,-68.30363857177963,-68.27728640333414,-68.24835756859709,-68.21687372953932,-68.18294318031819,-68.14701381761728,-68.109278267751,-68.06977494451857,-68.02858090257662,-67.98590782620862,-67.9418685570925,-67.8965532344598,-67.85018841018965,-67.80287127522192,-67.75438442746804,-67.70479967516616,-67.65382745492965,-67.60135475160754,-67.54752434609087,-67.49223387476385,-67.4354586137159,-67.37719641779972,-67.31736674330465,-67.25586830614523,-67.19269472194574,-67.1277626575359,-67.06076003304521,-66.99196231987062,-66.921682544338,-66.85001709332474,-66.77704208016233,-66.70286020016151,-66.62769653873234,-66.55168089626477,-66.47443036098015,-66.3957520120399,-66.31553493209103,-66.23396531024396,-66.15114643459488,-66.06708361155205,-65.98202184915849,-65.89589092659807,-65.80866762351359,-65.72059294360095,-65.63198228469201,-65.54302822439229,-65.45388037350827,-65.36463223942386,-65.27525272230848,-65.18546899823109,-65.0952180447565,-65.00462219181468,-64.91388833658507,-64.82307027438499,-64.73218146557669,-64.64113714650131,-64.55005398466034,-64.45898273815448,-64.36782970015173,-64.27658549419068,-64.18523970117215,-64.09379899124369,-64.00223732957713,-63.91056088995171,-63.81860870505769,-63.726340062829244,-63.6336029695292,-63.54020693275521,-63.44615253557694,-63.35131558425808,-63.25570346431715,-63.15955603245538,-63.0629416918285,-62.96599021113985,-62.86887006331388,-62.771728411209004,-62.67451620992336,-62.577237527983115,-62.479686696348054,-62.38187275654349,-62.28387084273117,-62.185675285475405,-62.087367209507136,-61.989073622527265,-61.89086824758668,-61.79270626863527,-61.694580666197524,-61.5964462836746,-61.498284577652356,-61.40009607871341,-61.30186563348288,-61.20361907438953,-61.10528361392871,-61.00692771451479,-60.90860010865468,-60.810332680123075,-60.712038990181455,-60.613624483660296,-60.51507057255497,-60.41635095245267,-60.317377978638376,-60.218144011648576,-60.1186193782363,-60.01873462076163,-59.9185334885519,-59.81804275550992,-59.71727517298065,-59.61619642824497,-59.51467006653304,-59.41270562228714,-59.31024736695784,-59.20715097397542,-59.10335556184944,-58.99873636750451,-58.893330400854424,-58.7871554536974,-58.68021323207314,-58.57249188427826,-58.46389040049944,-58.35433351834128,-58.243762560673005,-58.13215521203636,-58.01947694835591,-57.905682588200214,-57.79071750227353,-57.674518538321934,-57.55701470779376,-57.43812767165413,-57.31777205536572,-57.19585549422505,-57.07219186275169,-56.94669247081804,-56.81925814237175,-56.689779564021194,-56.55813743049763,-56.424202410230784,-56.287834948477595,-56.14888492048111,-56.007191142825654,-55.862580747340544,-55.71471450070538,-55.563404879267885,-55.4084669902151,-55.249694540525915,-55.08685952233513,-54.91971152552262,-54.747976694054024,-54.57127853234993,-54.38921784605148,-54.20146532199917,-54.007660476031795,-53.80740337615701,-53.60017420159396,-53.385493762351956,-53.16284025284036,-52.93163551414599,-52.69124014494286,-52.440947587346315,-52.17997708985666,-51.90746541893519,-51.62242091702938,-51.32374280524512,-51.01027075698202,-50.68070899882535,-50.33360902182327,-49.967349208816294,-49.580110866445665,-49.16985003798206,-48.734264339426346,-48.27075390218504,-47.776375316452096,-47.2477872456814,-46.681186120315274,-46.07223001622047,-45.41594848210036,-44.70663571033362,-43.93772407125191,-43.101634700614106,-42.18960163495635,-41.191466090928145,-40.09536325907533,-38.88760742696197,-37.55231233954001,-36.071056768406386,-34.422558213986775,-32.582384534300004,-30.52277484107171,-28.212691183079524,-25.61829950474503,-22.704190281591828,-19.435796595627327,-15.783622376862562,-11.729958326793366,-7.278516260216473,-2.4665051315437516,2.6231872629866153,7.854578983105101,13.042552678319122,17.973184840858764,22.438890667339336,26.27781071882684,29.402058151012966,31.804021886256734,33.54122779952894,34.70972953171686,35.41779622954065,35.76718018060072,35.84350353177252,35.71373186528335,35.42775675214433,35.02164212730725,34.52106680111936,33.94428481359879,33.30440326922736,32.61103074530791,31.87141894868977,31.09123209358383,30.275056523364345,29.426734932144278,28.549584587633973,27.64653980358699,26.72024528372891,25.77311769261256,24.807386680646882,23.82512260550916,22.828255624389616,21.81858918276678,20.797809865970393,19.767494896385607,18.72911811566859,17.68405500148425,16.633587077423623,15.578905948253137,14.52111710837232,13.461243615071716,12.400229680628899,11.338944212362284,10.278184313419484,9.218678746571076,8.161091356744173,7.1060244441771925,6.054022078014901,5.005573339267784,3.9611154818961536,2.9210370010416007,1.885680597904548,0.8553460313096586,-0.16970715348665233,-1.1892570277753862,-2.2031168229054092,-3.211132622937278,-4.213181215075718,-5.2091681066858,-6.199025717995728,-7.18271175998707,-8.160207807435015,-9.131518077543092,-10.096668425068248,-11.05570556519606,-12.008696535641386,-12.955728409451579,-13.89690826971308,-14.832363456743956,-15.762242097337987,-16.686713924161683,-17.60597139145989,-18.52023109077975,-19.4297354674783,-20.334754835356435,-21.235589682900336,-22.132573260363554,-23.026074432871557,-23.916500778141895,-24.804301903635533,-25.68997295367491,-26.57405826939585,-27.457155158506502,-28.33991772467818,-29.223060697648176,-30.107363194233127,-30.993672326497368,-31.882906555103855,-32.776058661925994,-33.67419818455434,-34.57847311433191,-35.49011060665363,-36.410416384891946,-37.340772434751564,-38.2826324814533,-39.23751461572746,-40.20699028508538,-41.19266869075318,-42.19617544099116,-43.219124107536956,-44.26307912443103,-45.32950829690946,-46.41972309045979,-47.534804897715254,-48.675515720670724,-49.84219227820564,-51.03462359531226,-52.251913802722,-53.49233432773667,-54.75317298548693,-56.030591645755486,-57.31950887422846,-58.613528554567935,-59.904938862373136,-61.18480648066397,-62.44318678034038,-63.66946032711267,-64.85278914188588,-65.98266437456329,-67.04949471631141,-68.04516818611478,-68.96351515138156,-69.80061118464896,-70.55488343412556,-71.22701734884195,-71.81969274703837,-72.33720109317078,-72.78500504553749,-73.16929726354441,-73.49660223680017,-73.77344782198746,-74.00611699498702,-74.20047786479442,-74.36188208796013,-74.49511813390305,-74.60440527955912,-74.69341554194025,-74.76531297104248,-74.82280220611192,-74.86818049104093,-74.90338924706121,-74.93006276612655,-74.94957266391337,-74.9630675142096,-74.97150756115954,-74.97569471805038,-74.9762982239087,-74.97387641059684,-74.96889507137396,-74.96174288490313,-74.9527443148838,-74.94217036850425,-74.9302475653149,-74.91716539424338,-74.90308250029898,-74.8881318323124,-74.87242491774188,-74.85605541225956,-74.8391020498571,-74.82163108781756,-74.80369835050533,-74.78535093483113,-74.76662860911173,-74.74756498018883,-74.72818848026043,-74.70852319210994,-74.6885895412789,-74.66840487584433,-74.64798394485888,-74.62733929290442,-74.60648159681477,-74.58541995219704,-74.56416211178873,-74.542714683233,-74.52108329961492,-74.49927276855173,-74.47728720721801,-74.45513014231176,-74.43280458133168,-74.41031309174556,-74.3876578683895,-74.36484078824603,-74.34186345580447,-74.3187272377314,-74.29543330236316,-74.27198265222704,-74.24837614198155,-74.22461450129823,-74.2006983639421,-74.17662827997216,-74.15240472624872,-74.12802811669799,-74.10349880263891,-74.07881708169775,-74.05398321125054,-74.02899741296866,-74.00385987374796,-73.97857076239774,-73.95313023963045,-73.92753845630513,-73.90179555024088,-73.87590164650848,-73.84985686920011,-73.82366134357288,-73.79731518899544,-73.77081851892046,-73.744171447531,-73.71737409344327,-73.69042657817543,-73.66332902586122,-73.63608156193,-73.60868431175682,-73.58113740625214,-73.55344098670525,-73.52559519990568,-73.49760019773028,-73.46945614222692,-73.44116320691995,-73.41272157540276,-73.38413144098237,-73.35539301032357,-73.3265065074587,-73.29747217478211,-73.26829026784176,-73.23896105003247,-73.2094847907726,-73.17986176876607,-73.15009227275122,-73.12017660089464,-73.09011506426823,-73.05990798995354,-73.02955572042474,-72.99905860975137,-72.96841702668856,-72.93763135506984,-72.90670199309498,-72.8756293559919,-72.8444138732424,-72.81305598398664,-72.78155613727992,-72.74991479382759,-72.71813242908858,-72.68620953453441,-72.65414661437443,-72.62194418415349,-72.58960276918505,-72.55712290384753,-72.52450513389687,-72.4917500178094,-72.45885812531552,-72.42583003769714,-72.39266634906033,-72.35936766593255,-72.32593461005295,-72.29236782044582,-72.25866794952869,-72.22483566288537,-72.1908716431849,-72.15677658626903,-72.12255119700178,-72.08819618991161,-72.05371229029176,-72.01910023799608,-71.98436078863345,-71.94949471097732,-71.9145027852904,-71.87938580405068,-71.84414457055965,-71.80877989943279,-71.77329261813497,-71.73768356511032,-71.70195359026988,-71.66610355735628,-71.63013434379472,-71.59404683851203,-71.55784194087622,-71.52152056209673,-71.48508362394271,-71.44853205699383,-71.41186680035516,-71.37508880159294,-71.33819901787412,-71.30119841672514,-71.26408797656292,-71.22686868681681,-71.18954154804337,-71.15210757172242,-71.11456777842749,-71.07692319803901,-71.03917487155398,-71.00132384976415,-70.96337119123118,-70.9253179623445,-70.88716523843729,-70.84891410319076,-70.81056564783823,-70.77212097147753,-70.73358118176282,-70.6949473956252,-70.65622073884369,-70.61740234646476,-70.57849336283674,-70.53949493942835,-70.50040823378146,-70.46123440968576,-70.42197463771937,-70.38263009634345,-70.34320197158304,-70.30369145593706,-70.26409974766874,-70.22442805064033,-70.18467757456378,-70.14484953489759,-70.10494515260628,-70.06496565360413,-70.02491226849591,-69.98478623306382,-69.94458878796473,-69.90432117855244,-69.86398465527775,-69.82358047288011,-69.78310988998493,-69.7425741687714,-69.70197457465525,-69.66131237646863,-69.6205888459692,-69.57980525739802,-69.53896288740003,-69.49806301491977,-69.45710692107741,-69.4160958900265,-69.37503120865608,-69.33391416574246,-69.29274605163505,-69.25152815755494,-69.21026177549629,-69.16894819829713,-69.12758871988466,-69.08618463488904,-69.04473723808962,-69.0032478243353,-68.96171768845326,-68.92014812538753,-68.8785404306385,-68.83689589990091,-68.7952158285465,-68.75350151150165,-68.7117542428231,-68.66997531549835,-68.62816602147919,-68.58632765171679,-68.54446149620527,-68.50256884404062,-68.4606509835016,-68.41870920216,-68.376744787028,-68.33475902475108,-68.29275320185643,-68.25072860506815,-68.20868652170238,-68.16662824015823,-68.12455505052327,-68.08246824531625,-68.04036912039483,-67.99825897606192,-67.95613911841218,-67.91401086096984,-67.8718755266811,-67.82973445034011,-67.78758898154678,-67.74544048831905,-67.70329036151354,-67.66114002024644,-67.61899091855405,-67.57684455358931,-67.53470247571711,-67.492566300943,-67.45043772617828,-67.40831854788536,-67.36621068461415,-67.3241162037382,-67.28203735214547,-67.23997658939217,-67.19793661927282,-67.15592041085618,-67.11393119131009,-67.07197237909566,-67.0300474093131,-66.98815939471184,-66.94631059439052,-66.90450176372092,-66.86273162688957,-66.82099682388623,-66.7792925378088,-66.73761359854714,-66.69595553771171,-66.65431516960481,-66.61269064787474,-66.57108121147553,-66.52948685189543,-66.48790803032483,-66.30522158343446,-66.1273173062319,-65.9542123421461,-65.78588796222286,-65.62230652208497,-65.46342065958115,-65.30917821515358,-65.15952482043366,-65.01440522212415,-64.87376392209543,-64.73754545004279,-64.60569444193303,-64.4781556199309,-64.354873727159,-64.23579344722245,-64.12085932523907,-64.01001569952841,-63.903206648648606,-63.8003759557861,-63.70146709086403,-63.606423209726096,-63.515187169139146,-63.42770155599755,-63.343908728921186,-63.26375087036111,-63.1871700473277,-63.11410827891023,-63.044507608848,-62.978310181528606,-62.915458319920106,-62.85589460408393,-62.79956194905919,-62.74640368105352,-62.69636361101681,-62.64938610481119,-62.605416149321144,-62.56439941397032,-62.52628230722688,-62.49101202778484,-62.45853661020638,-62.42880496489782,-62.401766912371464,-62.37737321181577,-62.35557558405861,-62.33632672906253,-62.31958033813786,-62.305291101099535,-62.29341470862709,-62.283907850115796,-62.27672820732975,-62.27183444418682,-62.26918619302067,-62.268744037676974,-62.270469493811326,-62.274324986764086,-62.28027382739461,-62.28828018626368,-62.29830906655929,-62.31032627616791,-62.32429839930071,-62.340192768093445,-62.35797743460914,-62.377621143684685,-62.39909330707707,-62.42236397938082,-62.44740383620659,-62.47418415513042,-62.50266197491247,-62.53281078199547,-62.564604649281414,-62.59801818509123,-62.6330265116305,-62.66960525991077,-62.707730578868436,-62.74737915715852,-62.78852825666353,-62.83115575718319,-62.87524021208738,-62.9207609149437,-62.967697977291046,-63.01603241782733,-63.06574626333358,-63.11682266167345,-63.16924600718046,-63.2230020786877,-63.27807819037223,-63.334463355465694,-63.3921484627242,-63.4511264653492,-63.51132975288841,-63.57275160988561,-63.63540274708991,-63.69929515528792,-63.764442587134454,-63.83084338095704,-63.89849213224362,-63.967391637436045,-64.0374708212618,-64.10872605424055,-64.18121778209165,-64.25500728501322,-64.33010401676846,-64.40655384469991,-64.48440045512338,-64.56372123755733,-64.64454012976047,-64.72692269852458,-64.81085713486868,-64.89637615001303,-64.98354922170695,-65.07228592928617,-65.16266413151669,-65.25471447229891,-65.34821327906015,-65.44306493428435,-65.53927701137566,-65.6367182299741,-65.73526224991275,-65.83480523778871,-65.93517278587329,-66.03615362973748,-66.137529542347,-66.23893639279804,-66.34013646093038,-66.44075102096815,-66.54047921671723,-66.63913501941862,-66.73649278216068,-66.83220505403568,-66.92605225038933,-67.01772815309187,-67.10713752298486,-67.19412152417647,-67.27818383505767,-67.35901259249788,-67.43655780355432,-67.51087501292814,-67.58207001970871,-67.65031662347596,-67.7154965281351,-67.77763570715157,-67.83693595521119,-67.8936011118927,-67.9474360903172,-67.99840893605459,-68.0464421615859,-68.09142481431068,-68.13325072291303,-68.17177600980122,-68.20709093463329,-68.23928090461942,-68.26854346814713,-68.29483177080964,-68.31825277613869,-68.33883219342528,-68.35653331809125,-68.3714036836968,-68.3834636869111,-68.3929184573969,-68.399606690989,-68.40321718695387,-68.40369389836815,-68.40142462499372,-68.3968024205315,-68.38976549091052,-68.37988653704761,-68.36735484240312,-68.35229752348548,-68.33448383833873,-68.31393296565975,-68.29085132452383,-68.26511249096608,-68.23678531416483,-68.20589176048232,-68.17254043182608,-68.13717955547301,-68.10000204397048,-68.06104657243516,-68.0203904559252,-67.97824564584438,-67.93472523007182,-67.88991958442305,-67.84405550448919,-67.79723040030132,-67.74922705015857,-67.70011747781345,-67.6496122914857,-67.59759867367409,-67.54421963079055,-67.48937298901215,-67.43303422283162,-67.37520138519231,-67.31579411803924,-67.25471131983568,-67.1919467996647,-67.12741740545042,-67.06081121084068,-66.99240391816191,-66.92250877608633,-66.85122235362999,-66.77862093790496,-66.704807396389,-66.63000699646022,-66.55434969892681,-66.47745268067618,-66.39912314543008,-66.31925031580204,-66.23802056211976,-66.15553733495783,-66.07180608537152,-65.9870719975456,-65.90126497474738,-65.81436192894719,-65.72660403356024,-65.63830685885037,-65.54966312748832,-65.46082258349006,-65.3718788551601,-65.2828009430342,-65.19331608936606,-65.10336137834368,-65.01305927718958,-64.92261683048072,-64.83208795227152,-64.74148621497667,-64.65072695249253,-64.55992696547136,-64.4691371327269,-64.37826384503644,-64.2872978415193,-64.196228820515,-64.1050635745995,-64.0137761877768,-63.92237296092388,-63.8306930278073,-63.73869580483765,-63.64622941161109,-63.55310346966091,-63.45931871788697,-63.36475110038367,-63.2694081713356,-63.173530001941536,-63.077185177591296,-62.98050366344755,-62.88365413763143,-62.786783965036896,-62.68984426787271,-62.59283929822531,-62.49556353682724,-62.39802622690994,-62.30030272341067,-62.20238756730143,-62.1043621178976,-62.006353631955946,-61.90843607567876,-61.81056485873673,-61.712733204047225,-61.614896198529486,-61.517035557839975,-61.41915208564165,-61.32123090867283,-61.22329815906516,-61.12528133938229,-61.0272492452915,-60.92925094955303,-60.83131868462631,-60.73336634819956,-60.63529973626431,-60.5371006462801,-60.43874317506583,-60.34014008447308,-60.24128418064946,-60.14214625223268,-60.04265731760325,-59.9428616529814,-59.842786579909394,-59.742445420377734,-59.64180444950462,-59.54072780763985,-59.43922569363188,-59.337243063182676,-59.23463629206171,-59.131345264886896,-59.02724601559657,-58.922376441077986,-58.8167552671767,-58.710385185341345,-58.6032553851733,-58.49526593985347,-58.38634274676876,-58.276428368582145,-58.165501820484565,-58.05352999336183,-57.94046921236589,-57.826266454367314,-57.71086028155556,-57.59418153761741,-57.476153843992755,-57.356693926330585,-57.23571167242536,-57.11302335237881,-56.98854288381383,-56.862173897691605,-56.73381010577113,-56.60333546701308,-56.47062417642629,-56.33554049409393,-56.19793842719651,-56.05766127358723,-55.914541031718464,-55.76824371596366,-55.618587574307654,-55.46539401752096,-55.308463638258964,-55.14757596101758,-54.98248882776463,-54.81293743701667,-54.638555219803884,-54.45895391516798,-54.273816305762004,-54.082795274017464,-53.88550568200018,-53.681444086445154,-53.47014952517659,-53.25112048699356,-53.023801448966985,-52.78757830923787,-52.5417728462133,-52.28563611552408,-52.018340667335494,-51.7389351809993,-51.4463644722642,-51.139519908103665,-50.81716444162598,-50.47791645026504,-50.1202306955788,-49.742375934246795,-49.342408605894164,-48.91814189987049,-48.4671093560344,-47.98652197951343,-47.47321764174761,-46.92360129563823,-46.33357424833443,-45.69845041109555,-45.012857087714565,-44.270617488169705,-43.46461179904937,-42.58661337707204,-41.62709658342852,-40.57493817503864,-39.417317523679735,-38.139350362926436,-36.723763015630595,-35.15056433887656,-33.39673565965754,-31.43599453955055,-29.238729379830765,-26.77226604705353,-24.001723453189655,-20.891847655358603,-17.41037163804691,-13.53356948651561,-9.254597392696052,-4.5946395852212705,0.3845512333671861,5.570462229748929,10.798061469734737,15.862709965253522,20.549582284372878,24.67288157792909,28.110630702315838,30.82111853696272,32.836295891925985,34.23870656905589,35.13389212077927,35.62792425795669,35.81395457319955,35.76696309048073,35.54388465037029,35.186352079534515,34.72416916576909,34.17851404761396,33.564510585840054,32.89313677161394,32.17256864933365,31.409095968521708,30.607732919093262,29.77262026762445,28.907288380238434,28.014828935068937,27.09800724887231,26.159336151491598,25.201124992045603,24.22551254890179,23.23448950368871,22.22991413887975,21.213523633418863,20.186942503333867,19.151689198648228,18.109181518863643,17.060741280160595,16.00759851599129,14.950895392016953,13.891689949116527,12.830959743296571,11.76960542144749,10.708454252172062,9.64826361810554,8.589724468046095,7.533464722304391,6.480052621915518,5.430000011004465,4.383765541148207,3.3417577866758528,2.304338260243952,1.2718243185442424,0.2444919485285626,-0.7774215750073459,-1.7937151693015203,-2.804221569592319,-3.8088051097634175,-4.807359666370271,-5.799806775000895,-6.786093928285931,-7.766193065314489,-8.740099262692183,-9.707829637948445,-10.6694224764069,-11.62493659291574,-12.574450939930884,-13.51806447328816,-14.455896286527086,-15.388086023778387,-16.314794579947293,-17.236205095174935,-18.152524248315277,-19.06398385141821,-19.970842743973684,-20.873388981979467,-21.77194231279364,-22.666856922279678,-23.558524436536803,-24.44737715372891,-25.33389147761072,-26.218591519879556,-27.10205283045604,-27.984906208409726,-28.867841538318025,-29.75161158692482,-30.637035682378354,-31.525003181990737,-32.41647661301981,-33.31249434278364,-34.21417259753923,-35.12270660175718,-36.03937054821373,-36.96551603202907,-37.9025684856984,-38.85202103492023,-39.81542505510766,-40.794376541633355,-41.79049722412829,-42.80540915512879,-43.84070129589298,-44.89788642898454,-45.97834659408973,-47.08326521807313,-48.21354424864785,-49.36970502295299,-50.55177244225852,-51.75914342347951,-52.99044271872672,-54.24337216469727,-55.51456326898462,-56.79944758858777,-58.092164119057024,-59.38552694328265,-60.67107826491949,-61.9392498833446,-63.179648438507165,-64.38146540198092,-65.5339926109468,-66.62720138500993,-67.65232350673958,-68.60236213958952,-69.47246509420302,-70.26011262296089,-70.96510281147715,-71.58935130500637,-72.1365494939604,-72.61174019692966,-73.02087082794031,-73.37037386751852,-73.66680832031226,-73.91657885656741,-74.12573516678982,-74.29984431918689,-74.44392361903579,-74.56241979559735,-74.65922105262678,-74.73769043809564,-74.80071144262139,-74.85073916395476,-74.8898524027834,-74.9198037079658,-74.94206562689904,-74.9578723042004,-74.96825615871995,-74.97407973604193,-74.97606305757749,-74.97480689677704,-74.97081245949752,-74.96449793619217,-74.95621236937761,-74.94624723706872,-74.93484610482167,-74.92221265398526,-74.90851735518538,-74.89390301499625,-74.87848938372652,-74.86237698511304,-74.8456502907391,-74.82838035516683,-74.81062701614795,-74.79244073229735,-74.77386410077173,-74.75493311213725,-74.73567820037265,-74.71612513125312,-74.6962957480345,-74.67620859336472,-74.65587942380097,-74.63532163429129,-74.61454662526945,-74.59356410869965,-74.57238235806656,-74.5510084235854,-74.5294483164674,-74.50770716317092,-74.48578934787587,-74.46369863057677,-74.44143822532945,-74.41901086928887,-74.39641890131374,-74.37366432469425,-74.35074885248623,-74.32767394624288,-74.30444085371556,-74.2810506432263,-74.25750422760014,-74.23380238644413,-74.20994578937699,-74.18593501927649,-74.1617705852684,-74.13745292642975,-74.11298241753978,-74.08835938151364,-74.06358409265789,-74.03865678076099,-74.01357764330645,-73.98834685846116,-73.96296459427496,-73.93743100451567,-73.91174623021524,-73.88591040442516,-73.85992365129214,-73.83378609130278,-73.80749784354444,-73.78105902437927,-73.75446975100269,-73.72773014201881,-73.70084031861356,-73.6738004044747,-73.64661052336396,-73.61927080013628,-73.59178136655198,-73.56414236026617,-73.53635392500067,-73.50841621368525,-73.48032938814276,-73.45209361915107,-73.42370908485567,-73.39517597184778,-73.36649447832266,-73.33766482174066,-73.3086872388519,-73.27956197952378,-73.25028930338532,-73.22086947921255,-73.19130278566865,-73.16158950961339,-73.13172994611709,-73.10172440133586,-73.07157319519952,-73.0412766616509,-73.0108351484503,-72.98024901801344,-72.94951864845372,-72.91864443179527,-72.88762677517356,-72.85646610299517,-72.82516285129496,-72.79371746416435,-72.76213039661138,-72.73040211722733,-72.69853311173787,-72.66652388205547,-72.6343749412138,-72.60208681171089,-72.569660024124,-72.53709512042376,-72.50439265661673,-72.47155319950876,-72.43857732624502,-72.40546562517893,-72.3722186962218,-72.33883715496128,-72.30532163475289,-72.27167278360722,-72.23789126236714,-72.20397774586455,-72.16993292404327,-72.13575749852595,-72.10145217992601,-72.06701768873769,-72.03245475823641,-71.99776413642493,-71.96294658595036,-71.9280028839376,-71.89293381969809,-71.85774019319496,-71.82242281519387,-71.78698250793448,-71.75142010477612,-71.7157364506698,-71.67993240396949,-71.64400883606541,-71.60796663150013,-71.57180668664657,-71.53552990861924,-71.49913721542033,-71.4626295342261,-71.42600780115154,-71.38927296103822,-71.35242596762834,-71.31546778527668,-71.27839938886576,-71.24122176289528,-71.20393590313383,-71.16654281774004,-71.12904352439357,-71.0914390492943,-71.05373042890174,-71.01591870942882,-70.97800494594732,-70.93999020160125,-70.9018755482789,-70.86366206679112,-70.82535084555718,-70.78694298075308,-70.74843957704233,-70.7098417483278,-70.67115061728072,-70.63236731495803,-70.59349298166126,-70.55452876601481,-70.51547582314407,-70.47633531437098,-70.43710840778161,-70.39779627903968,-70.3584001111133,-70.31892109392155,-70.27936042357628,-70.23971930178351,-70.19999893611161,-70.16020053990209,-70.1203253320403,-70.08037453640797,-70.04034938156893,-70.00025110078764,-69.96008093248363,-69.91984011990697,-69.87952991094215,-69.83915155848972,-69.79870631965022,-69.75819545531374,-69.71762022982104,-69.67698191064122,-69.63628176854426,-69.59552107710864,-69.554701112278,-69.51382315227875,-69.47288847751368,-69.4318983704366,-69.39085411640227,-69.34975700336925,-69.30860832105655,-69.26740936063094,-69.2261614140098,-69.18486577376316,-69.14352373318427,-69.10213658653359,-69.06070562865627,-69.01923215443344,-68.97771745870479,-68.93616283618005,-68.89456958191035,-68.85293899148856,-68.8112723601707,-68.76957098262193,-68.72783615301597,-68.686069164613,-68.64427130956307,-68.60244387894348,-68.56058816280033,-68.51870545020095,-68.47679702930431,-68.43486418745631,-68.39290821131769,-68.35093038703242,-68.30893200044605,-68.26691433738425,-68.22487868400394,-68.18282632723124,-68.14075855530344,-68.09867665843544,-68.05658192963577,-68.01447566570225,-67.97235916843472,-67.93023374611039,-67.88810071527845,-67.8459614029442,-67.80381714922999,-67.76166931062228,-67.71951926394121,-67.67736841120339,-67.63521818559119,-67.5930700587935,-67.5509255500446,-67.50878623725738,-67.4666537707193,-67.42452988987813,-67.3824164437583,-67.3403154154505,-67.29822895077629,-67.2561593904001,-67.21410930288569,-67.17208151267198,-67.13007911040403,-67.08810542198219,-67.0461638968531,-67.00425786104132,-66.96239008533377,-66.92056217909008,-66.87877396024908,-66.83702311573164,-66.7953054737446,-66.75361591318959,-66.71194951133583,-66.67030239818085,-66.62867206585547,-66.5870572417209,-66.54545757323972,-66.50387331103444,-66.46230506744334,-66.27997255536191,-66.10250591546293,-65.92989822881722,-65.7621166216918,-65.59911481742337,-65.44083988061548,-65.28723578390277,-65.13824525032358,-64.99381066386333,-64.8538744789303,-64.71837936353391,-64.58726820500621,-64.46048404959457,-64.33797001570764,-64.21966920302874,-64.10552460973804,-63.995479064299325,-63.88947517483677,-63.78745529705406,-63.68936152038206,-63.59513567126883,-63.504719332066394,-63.418053873712886,-63.335080500289486,-63.25574030350461,-63.17997432519452,-63.10772362600966,-63.038929358565376,-62.97353284346425,-62.91147564673687,-62.85269965739385,-62.797147163928926,-62.744760928758694,-62.69548425972619,-62.64926107793125,-62.60603598127932,-62.56575430326103,-62.52836216658683,-62.49380653140405,-62.46203523791758,-62.43299704332025,-62.40664165301464,-62.38291974617564,-62.36178299576177,-62.3431840831348,-62.32707670749109,-62.31341559034567,-62.30215647534149,-62.293256123682234,-62.28667230550862,-62.282363787555354,-62.28029031743996,-62.28041260494577,-62.2826923006706,-62.28709197242037,-62.2935750797334,-62.30210594692773,-62.312649735070366,-62.325172413274345,-62.33964072973801,-62.35602218295023,-62.374284993496794,-62.39439807691631,-62.41633101806895,-62.440054047498634,-62.465538020288086,-62.49275439792679,-62.52165989744828,-62.552228310272056,-62.58443400232848,-62.61825186862996,-62.65365731726655,-62.69062626955397,-62.72913517419523,-62.769161034029146,-62.81068144448223,-62.85367464324869,-62.898119571024786,-62.94399594333896,-62.991284333667046,-63.0399662681069,-63.090024331930124,-63.141442288334815,-63.19420520968569,-63.24829962145913,-63.30371365901522,-63.360437237183156,-63.41846223246935,-63.47778267747263,-63.538331316801155,-63.600102687956536,-63.66310904306985,-63.727363990571924,-63.79288298406403,-63.8596659388406,-63.92770904660628,-63.9970168517261,-64.06751920707198,-64.13921422421188,-64.21216481536077,-64.2864346841016,-64.36203502194635,-64.43901370011828,-64.51741616100296,-64.59732162053956,-64.67875480854627,-64.76178199696709,-64.84639047777155,-64.9326116687364,-65.02051307595185,-65.10999917817414,-65.20114314973964,-65.29396873547783,-65.38824075472839,-65.48385179033238,-65.58079711198087,-65.67893032658505,-65.77810925199348,-65.87821432218337,-65.97905546853201,-66.0804071716852,-66.18203955588449,-66.28357925147307,-66.38478424582608,-66.48527479555113,-66.58475349509786,-66.68304164762284,-66.77992325531932,-66.87506185865278,-66.96825028504459,-67.05919473046468,-67.14781248201749,-67.23395624264151,-67.31713974055796,-67.39706038971978,-67.47367654389275,-67.5470509218923,-67.61729535014679,-67.68458863628726,-67.74881646202631,-67.8100080955611,-67.86836802711545,-67.9241022362241,-67.9770172612286,-68.02708244301287,-68.07422128711579,-68.11832358763418,-68.15928371934719,-68.19695818431232,-68.23143748750813,-68.26280717063113,-68.29126482584813,-68.31676357787545,-68.3394103049777,-68.35923058860669,-68.37618756081304,-68.39032855591982,-68.40167374913759,-68.41042801994702,-68.41642982479871,-68.41936771426663,-68.41918535759015,-68.41627023474277,-68.41101508826127,-68.40335785311956,-68.39287097899204,-68.37974343864086,-68.3641020493499,-68.34571580118566,-68.32460357932415,-68.30097149812627,-68.27469286453184,-68.24583624153672,-68.21442331878039,-68.18056241867087,-68.14470146864511,-68.1070331222232,-68.06759581843687,-68.0264666372968,-67.98385728929308,-67.93988064067715,-67.89462685457326,-67.84832250759462,-67.80106481340441,-67.75263638920539,-67.70310906565766,-67.65219329784266,-67.59977609128147,-67.54600025002124,-67.49076343042842,-67.43404092928363,-67.3758306220682,-67.31605198454096,-67.25460375172041,-67.19147955922257,-67.12659609269696,-67.05964128849449,-66.99089064098902,-66.92065719879407,-66.8490373675622,-66.7761072786461,-66.70196964521831,-66.62684957142794,-66.55087687452992,-66.47366865319825,-66.39503200002147,-66.31485601228356,-66.23332689727344,-66.15054795958234,-66.0665245204822,-65.98150160559791,-65.8954090070829,-65.80822351817525,-65.72018615938794,-65.63161234561429,-65.54269466914133,-65.45358275441987,-65.36437012139496,-65.27502568096948,-65.18527661687513,-65.09505991776071,-65.00449792724511,-64.91379755704278,-64.82301261447506,-64.73215657127622,-64.64114467383058,-64.5500936027204,-64.45905412799874,-64.36793255271252,-64.27671951176681,-64.18540459751746,-64.09399449192652,-64.00246317159085,-63.910816822352544,-63.81889448661251,-63.72665546428526,-63.63394777218286,-63.540580928363575,-63.44655552984048,-63.35174739510773,-63.25616392442463,-63.16004499305909,-63.06345901981678,-62.96653579016715,-62.86944379445764,-62.772330212614,-62.675146013704584,-62.57789528156365,-62.48037235944148,-62.38258630552273,-62.28461227215415,-62.186444607070875,-62.08816445414235,-61.98989884134392,-61.89172151138971,-61.79358766629209,-61.69549030597062,-61.59738429320437,-61.49925110517207,-61.40109129412095,-61.302889728803954,-61.204672265314066,-61.106366138826,-61.00803983798065,-60.90974212194066,-60.811504901690924,-60.71324176447767,-60.61485818219462,-60.51633559663249,-60.41764773429358,-60.31870698158748,-60.21950573325414,-60.120014351353575,-60.020163414456896,-59.91999671213018,-59.81954105994227,-59.71880925251743,-59.6177670215196,-59.516277956799264,-59.41435164292099,-59.31193240269115,-59.208875961954206,-59.10512149654702,-59.000544302771736,-58.89518145695686,-58.78905082064071,-58.682154173267506,-58.574479740554715,-58.465926592875114,-58.35641955371739,-58.245900037728894,-58.134345827969156,-58.0217225049889,-57.90798499863993,-57.79307879816054,-57.67694087772706,-57.559500383818516,-57.44067912180196,-57.32039187175909,-57.19854643474997,-57.07495686127011,-56.94953465304618,-56.822180840452475,-56.69278633249109,-56.56123206379991,-56.427388961945084,-56.29111775245969,-56.15226861413123,-56.010680692732926,-55.86618147758446,-55.71843212039113,-55.56724552158159,-55.412437251566054,-55.25380152332364,-55.09111088254867,-54.924115525646585,-54.75254226219879,-54.576015326260496,-54.39413632736063,-54.206576842263566,-54.01297737047328,-53.81293906900873,-53.60594332280338,-53.39151228457676,-53.169125644239486,-52.93820691157609,-52.69811855108452,-52.44815609559698,-52.187541141518324,-51.91541309805308,-51.63078328808555,-51.33255430345639,-51.01956964148755,-50.69053787537892,-50.34401544962992,-49.97838640691714,-49.59183853813339,-49.18233533544881,-48.74758299533018,-48.28499156021026,-47.7916290993815,-47.26416760713833,-46.69881903528352,-46.09125957574414,-45.436539969070715,-44.72897924553933,-43.96203893089149,-43.12817441625465,-42.218659990821706,-41.22338412501162,-40.13053733615339,-38.92649840445336,-37.59545566927301,-36.11907313366136,-34.47616384603512,-32.64239959473155,-30.590127027761383,-28.28840978594501,-25.70349222054673,-22.799990978711083,-19.54326713565617,-15.903587175005343,-11.86275121599796,-7.42363458441541,-2.622207767663453,2.4602286557478408,7.689386386265354,12.881496706099732,17.823101233134377,22.30583985652463,26.165923392091248,29.31293446712726,31.736874100579172,33.49358190957153,34.678305107112834,35.399241369386246,35.758522437537344,35.84233476856881,35.718217638313185,35.43655040590364,35.03377475648232,34.535849335812145,33.96122517212323,33.323144664206154,32.63130807559888,31.893028996962844,31.11401359364773,30.29887700029809,29.451482070336965,28.575160577190132,27.672857627666342,26.74722626521113,25.80068985707648,24.83548364918514,23.853682832291636,22.857221859161136,21.84790808042946,20.82743169244484,19.79737329746015,18.759209926964594,17.714320085165255,16.663988176236856,15.609408550793844,14.551689321668139,13.491856042061261,12.430855301095356,11.369558266537053,10.30876418789932,9.249203862466473,8.191543060146623,7.136385899132179,6.084278162239952,5.035710542877399,3.9911218093988454,2.950901876867796,1.915394775712118,0.8849015073012203,-0.140317223011988,-1.1600384044214753,-2.174074259519659,-3.1822699320824723,-4.184501332418828,-5.180673149081396,-6.1707170360302666,-7.15458998473641,-8.132272891172615,-9.103769328121533,-10.069104533683392,-11.028324627233447,-11.981496064299694,-12.928705341840415,-13.87005896513331,-14.80568368688072,-15.73572702813003,-16.660358089157885,-17.579768656534597,-18.494174610153845,-19.40381763108198,-20.308967207671653,-21.20992293353474,-22.107017086731442,-23.00061747496342,-23.891130527253015,-24.779004605687252,-25.664733506800776,-26.548860117561066,-27.431980182613867,-28.314746132675463,-29.197870915431196,-30.08213175948849,-30.968373788080694,-31.857513381141146,-32.750541160604335,-33.64852444258792,-34.55260895941398,-35.46401960190486,-36.38405986546763,-37.314109599452394,-38.25562055547061,-39.210109104600626,-40.17914534457843,-41.164337642631104,-42.16731146993947,-43.18968118033576,-44.23301318159509,-45.2987787686461,-46.388294786235335,-47.50265031954613,-48.642617840704375,-49.80854779770201,-51.000246664426996,-52.216840122673844,-53.456625474472254,-54.716920687363256,-55.99392162029809,-57.282583686407825,-58.57654883947843,-59.868142190934485,-61.14846318706974,-62.40759226439514,-63.63492373179376,-64.81961887540125,-65.9511516037745,-67.01989655188376,-68.01769261676982,-68.93830971747448,-69.77775687130512,-70.534394392187,-71.20884606118999,-71.80373944143834,-72.32332573083654,-72.77304014438985,-73.15906008483725,-73.48790529741508,-73.7661072055392,-73.99995835829746,-74.19534031493102,-74.35762028430008,-74.4916030188672,-74.60152382328165,-74.69106984645106,-74.76341900090858,-74.82128833535901,-74.86698601632206,-74.90246295184131,-74.92936158473074,-74.94906047843664,-74.96271409001474,-74.97128762262145,-74.97558715227707,-74.97628540249532,-74.97394361973119,-74.96903003003922,-74.96193533661327,-74.95298568754932,-74.94245349770405,-74.9305664598963,-74.91751503633972,-74.9034586839774,-74.88853102797596,-74.87284415933652,-74.85649220711066,-74.83955429925838,-74.82209702072633,-74.80417646689865,-74.78583995961561,-74.76712746397423,-74.7480727595025,-74.72870442068773,-74.70904664765352,-74.68911996387783,-74.6689417981985,-74.64852696609816,-74.62788806647937,-74.60703582564136,-74.58597938401485,-74.56472653000216,-74.54328390166624,-74.52165715966541,-74.4998511319977,-74.47786994849385,-74.45571715220302,-74.43339577198752,-74.41090838679051,-74.38825720021772,-74.3654440998699,-74.34247069980351,-74.31933837682774,-74.29604830614082,-74.27260149395167,-74.24899879992381,-74.22524095818733,-74.20132859949022,-74.1772622735285,-74.1530424611524,-74.12866957739779,-74.10414397665971,-74.07946596463135,-74.05463580113489,-74.0296537038452,-74.00451986018922,-73.97923444006649,-73.95379760482045,-73.92820950287492,-73.90247027110723,-73.8765800394542,-73.8505389298579,-73.82434706139772,-73.79800455245406,-73.77151151929736,-73.74486807957243,-73.71807435280957,-73.69113046154132,-73.66403653117335,-73.63679268751251,-73.60939905774728,-73.58185577622658,-73.55416298342075,-73.52632082606765,-73.49832946029194,-73.47018905127081,-73.44189977327886,-73.4134618080851,-73.38487534601708,-73.35614058910728,-73.32725775874471,-73.29822709569267,-73.26904885390891,-73.23972329718224,-73.21025069851004,-73.18063134083141,-73.15086551533038,-73.12095352144368,-73.09089566973067,-73.0606922845572,-73.0303437043316,-72.99985028130601,-72.96921238241154,-72.93843039029802,-72.90750470154492,-72.87643572785942,-72.8452238982344,-72.81386965330391,-72.78237344176851,-72.75073572325222,-72.71895697096672,-72.68703767526101,-72.65497834267295,-72.62277949086233,-72.59044164695177,-72.55796534613927,-72.52535113500969,-72.49259957417583,-72.45971123504057,-72.42668669933515,-72.39352655998633,-72.36023142146449,-72.32680190390072,-72.2932386451777,-72.25954229781682,-72.2257135271544,-72.19175301249716,-72.15766144824416,-72.12343954045295,-72.08908800415011,-72.0546075642194,-72.01999895830038,-71.98526293873356,-71.95040027247661,-71.91541174093715,-71.88029813768077,-71.84506026689499,-71.80969894353872,-71.77421499401233,-71.73860925580217,-71.70288257795133,-71.66703582286964,-71.63106986596627,-71.59498559576492,-71.55878391258106,-71.52246572743218,-71.48603196218265,-71.44948354782913,-71.41282142426387,-71.37604654006118,-71.33915985265023,-71.3021623300255,-71.2650549506611,-71.22783870259933,-71.19051458510111,-71.15308360976637,-71.11554679766456,-71.07790517833298,-71.04015979151484,-71.00231168665225,-70.96436192199091,-70.9263115637925,-70.88816168700558,-70.84991337544304,-70.8115677204671,-70.77312582113665,-70.73458878493696,-70.69595772853069,-70.65723377728617,-70.61841806489417,-70.5795117342258,-70.54051593641039,-70.50143182901301,-70.46226057572925,-70.42300334695176,-70.38366132058295,-70.34423568176103,-70.30472762250614,-70.26513834096143,-70.22546904079394,-70.18572093146197,-70.14589522812518,-70.10599315141475,-70.06601592688537,-70.0259647847003,-69.9858409596494,-69.94564569160276,-69.90538022518587,-69.86504580958295,-69.82464369891811,-69.78417515143906,-69.74364142910615,-69.70304379725319,-69.66238352426467,-69.6216618817479,-69.5808801440402,-69.54003958776532,-69.49914149175068,-69.45818713692054,-69.41717780617036,-69.37611478521625,-69.33499936229771,-69.29383282733416,-69.25261647161197,-69.21135158708725,-69.17003946628743,-69.12868140238153,-69.08727868942384,-69.04583262197116,-69.00434449453391,-68.96281560149832,-68.9212472370376,-68.87964069558282,-68.83799727202279,-68.79631826082533,-68.7546049557827,-68.71285865011043,-68.67108063602458,-68.62927220454436,-68.58743464552862,-68.54556924771622,-68.50367729877728,-68.46176008538211,-68.41981889329483,-68.3778550074992,-68.33586971236473,-68.29386429186208,-68.25184002983843,-68.20979821036453,-68.16774011816788,-68.12566703916906,-68.08358026114131,-68.04148107451829,-67.99937077337988,-67.95725065665282,-67.91512202957153,-67.87298620545499,-67.83084450786922,-67.78869827326176,-67.74654885417637,-67.70439762318271,-67.66224597769043,-67.62009534585832,-67.57794719386172,-67.53580303484182,-67.49366443993101,-67.45153305182063,-67.40941060139897,-67.36729892800571,-67.32520000376081,-67.28311596210509,-67.24104912989647,-67.199002060698,-67.15697756348641,-67.11497871465157,-67.07300883030759,-67.03107136018997,-66.98916964886625,-66.9473065129487,-66.9054836393898,-66.86370094702029,-66.82195622081676,-66.78024534947488,-66.73856321341934,-66.69690483943388,-66.6552662821857,-66.61364496032252,-66.57203954345141,-66.53044963900847,-66.48887547159124,-66.44731763679457,-66.26485417981054,-66.08724412544804,-65.91448228969455,-65.74653683245155,-65.58336214533489,-65.42490577519106,-65.27111208558927,-65.12192414887781,-64.97728468252477,-64.83713647168733,-64.70142251867476,-64.57008605126786,-64.44307046289548,-64.32031922536159,-64.20177579684658,-64.08738353771655,-63.9770856407708,-63.870825079059294,-63.768544572290004,-63.67018657155525,-63.57569326131807,-63.48500657712976,-63.39806823728638,-63.3148197865073,-63.23520264968774,-63.159158193810974,-63.08662779618341,-63.01755291726361,-62.95187517648321,-62.88953642959673,-62.83047884624225,-62.77464498654201,-62.721977875717236,-62.67242107583352,-62.625918753928715,-62.58241574590482,-62.54185761568596,-62.504190709257585,-62.46936220330518,-62.43732014826578,-62.408013505690604,-62.381392179893965,-62.35740704393148,-62.33600996001017,-62.31715379448517,-62.30079242764222,-62.286880758503344,-62.27537470492492,-62.26623119928398,-62.259408180070345,-62.25486457971998,-62.252560309039026,-62.2524562385797,-62.25451417733831,-62.25869684915364,-62.26496786719054,-62.27329170690023,-62.28363367785501,-62.29595989486261,-62.31023724877311,-62.326433377401045,-62.344516636996374,-62.364456074710965,-62.38622140252209,-62.40978297309138,-62.43511175805649,-62.46217932927303,-62.49094265062942,-62.521375579080036,-62.553452543223884,-62.58714849601801,-62.62243889693499,-62.65929971035858,-62.69770741804821,-62.73763904422165,-62.77907219235355,-62.82198509320052,-62.86635666386893,-62.91216657796098,-62.95939534698549,-63.00802441330841,-63.05803625496458,-63.109414502661224,-63.16214406926971,-63.21621129203611,-63.27160408764992,-63.32831212017868,-63.38632698170493,-63.44564238528395,-63.506190956824895,-63.56796684655738,-63.630981827607314,-63.69524899961224,-63.760783276045466,-63.82758406134603,-63.89564702449112,-63.96497613733078,-64.03550091288619,-64.10721888159263,-64.18019216012242,-64.25448366697344,-64.33010400664087,-64.40710038585993,-64.48551765580417,-64.56543442361487,-64.64687511448267,-64.72990572599421,-64.81451374628698,-64.90073090930194,-64.98862524006027,-65.07810264443448,-65.16923760626197,-65.26205581798946,-65.35632536212755,-65.45194214917315,-65.54890489480778,-65.64707141555293,-65.74630389356818,-65.84648703165877,-65.94743493492145,-66.04892578008455,-66.15073257540939,-66.25248408726377,-66.35393900389947,-66.45471733690754,-66.55452018687497,-66.65316630509169,-66.7504365343808,-66.84599092746834,-66.93961848524272,-67.03102162585577,-67.12011388040604,-67.2067445090117,-67.29042423539696,-67.37084771494915,-67.44797082816058,-67.52185416472501,-67.59260775441372,-67.66040890335009,-67.72514208179358,-67.78683554705619,-67.84569295538508,-67.90191961392699,-67.95532153258935,-68.00586762464422,-68.05348105781228,-68.09805136260469,-68.13947271204243,-68.17760145798877,-68.2125280012264,-68.24433781557426,-68.27322845744204,-68.29915303610659,-68.32221843930877,-68.34245027372714,-68.35981171039265,-68.37435013793264,-68.38608579578259,-68.39522364166088,-68.40160220644577,-68.40491011920244,-68.40509114339672,-68.40253287115438,-68.39762815727705,-68.39031503473336,-68.3801660435668,-68.36737027283337,-68.35205465375118,-68.33398827878952,-68.31319014705669,-68.28986649332441,-68.26389073189142,-68.23533154118563,-68.20421072375417,-68.17063671734375,-68.13505757499804,-68.0976660614811,-68.05850071908762,-68.0176387316263,-67.97529191689921,-67.93157324186411,-67.88657296761221,-67.84051777217968,-67.79350496249855,-67.74531723507981,-67.6960265126338,-67.64534332620012,-67.59315476621492,-67.53960373175286,-67.48458796129678,-67.42808283662471,-67.37008631795929,-67.31051796108105,-67.24927657953475,-67.18635589106943,-67.12167265869407,-67.05491488553304,-66.98635816021394,-66.91631562281383,-66.84488375616726,-66.77213876574204,-66.69818343817761,-66.62324295466145,-66.54744720186632,-66.47041332178671,-66.39194846241229,-66.3119417813375,-66.2305795605648,-66.14796517255215,-66.06410399979963,-65.9792411402171,-65.89330643947994,-65.80627674688712,-65.71839315211649,-65.62997114022512,-65.54120336398597,-65.45223950411666,-65.36317313242058,-65.27397320421974,-65.184366935165,-65.09429135973033,-65.00386887795183,-64.91330646140145,-64.82265796696281,-64.73193691335791,-64.64105858854937,-64.55013972704919,-64.45923114824896,-64.3682391960974,-64.27715455244865,-64.18596685696585,-64.09468284037949,-64.00327652647016,-63.91175415085816,-63.81995479615592,-63.72783781172231,-63.63525125799623,-63.542004696306705,-63.44809878110988,-63.35340938138539,-63.25794395809894,-63.161942462798606,-63.065473378720235,-62.96866656031607,-62.87169056960095,-62.77469265673381,-62.677623848431544,-62.58048829163136,-62.48308038042777,-62.385409241636054,-62.287550102457736,-62.18949738137742,-62.091332301037745,-61.993181972828346,-61.895120220412245,-61.79710232026141,-61.69912135219833,-61.60113225886027,-61.50311660225333,-61.40507502384035,-61.30699248350503,-61.2088949347533,-61.110709706201796,-61.01250539439904,-60.91433086819917,-60.816218150573256,-60.71808093581098,-60.619824807282875,-60.52143132942052,-60.42287435597563,-60.32406640151757,-60.22500000153312,-60.12564566338468,-60.02593411469489,-59.92590931054194,-59.82559823789202,-59.72501386941217,-59.62412211938632,-59.52278676134492,-59.42101758601807,-59.31875912750468,-59.2158673273659,-59.11228159727289,-59.0078774778435,-58.9026923185032,-58.79674426757452,-58.69003540636126,-58.58255427895703,-58.474200285549486,-58.36489860282934,-58.25459102284678,-58.14325573372144,-58.030858746168526,-57.91735544755874,-57.8026918144387,-57.686805340729975,-57.56962572798269,-57.45107537512297,-57.33106969774945,-57.209517178201935,-57.08623259025941,-56.96112822403634,-56.83410595812351,-56.705057615286904,-56.57386511581446,-56.44040045184753,-56.304525500250065,-56.166091686621904,-56.02493950876999,-55.880897924159086,-55.73362966571518,-55.582949375165036,-55.42867452474873,-55.2706014047111,-55.108504833035234,-54.94213749558097,-54.7712289336278,-54.59540637539798,-54.414274728914926,-54.22750922195229,-54.03475438912546,-53.83561585415653,-53.62957994677768,-53.41617432554761,-53.19488481189804,-52.96514175626774,-52.72631527078498,-52.477709456401854,-52.21855553013474,-51.948003728160444,-51.665077581812504,-51.36869348776112,-51.05771060141347,-50.730855291175416,-50.38670427745395,-50.0236647659501,-49.63995107950091,-49.2335571834978,-48.80222437010936,-48.34340321199176,-47.854208712366045,-47.33136736070713,-46.7711545477825,-46.16932049798781,-45.52100254206308,-44.82062118761963,-44.0617570696855,-43.23700552263117,-42.33780529112264,-41.35423793880586,-40.2747201384798,-39.085894433046505,-37.77225449300498,-36.315813638475696,-34.695777290563036,-32.88824537565894,-30.866009900998726,-28.598559572507796,-26.052475326372605,-23.192506421097782,-19.98375891526909,-16.395585806546066,-12.407857968137884,-8.020118861194444,-3.2633504836272955,1.787621461928059,7.005539976142546,12.212418056499013,17.197096240383598,21.74844601763794,25.695026168847107,28.936043102960706,31.451467382695704,33.2898734224302,34.542878704533074,35.31817232368694,35.719343650377,35.83488117042274,35.73470108421596,35.47124079856333,35.08255476048983,34.59578832864978,34.03023075011374,33.39970142678039,32.71429218453852,31.981581067158814,31.207453505512817,30.396647580218218,29.55311211645693,28.680240630646733,27.781024058615156,26.85815075737491,25.914072393169366,24.951047769204433,23.97117237099898,22.97639864890018,21.96855028540413,20.949332556576785,19.920340163057713,18.88306343039233,17.83889346784533,16.789126670568127,15.734968814716904,14.677538905055789,13.617872874440678,12.556927194435533,11.495582429641447,10.434646750783585,9.374859410282603,8.31689417694847,7.26136272220927,6.208817947977663,5.159757245202636,4.114625671891391,3.0738190395921094,2.037686897777322,1.0065354061041636,-0.019369914953441203,-1.0398015641730685,-2.0545675791211915,-3.063509203773444,-4.066498712832743,-5.063437401509855,-6.054253749811817,-7.0389017707691695,-8.017359552488157,-8.989628004396028,-9.955729818507027,-10.915708656917253,-11.869628576977444,-12.817573705630256,-13.759648174166259,-14.695976324088386,-15.626703193818502,-16.551995294582817,-17.47204168193823,-18.38705532702848,-19.297274788785344,-20.202966184934333,-21.104425455862632,-22.00198091121087,-22.89599604451623,-23.78687259695657,-24.67505384438061,-25.561028077834123,-26.445332243227863,-27.32855569758026,-28.21134403262447,-29.094402908240156,-29.978501827652167,-30.864477772900564,-31.75323860157728,-32.64576608281654,-33.543118420299486,-34.44643207057085,-35.356922613964635,-36.27588437034895,-37.20468837002886,-38.14477818880928,-39.097663033164466,-40.06490731543859,-41.04811578623642,-42.04891310358375,-43.068916515927874,-44.10970013046538,-45.17274905426993,-46.25940158326114,-47.370777626151146,-48.50769174977396,-49.67054974588018,-50.85922858893155,-52.07294122486796,-53.31008996008532,-54.56811541917276,-55.84335209387409,-57.13090617207662,-58.42457602285518,-59.716839347695185,-60.99893205178096,-62.26104051303193,-63.49261953499398,-64.68283225357318,-65.82108700453267,-66.8976235581915,-67.90408320048657,-68.83399031382933,-69.68308154017733,-70.4494418510747,-71.13343935062736,-71.73748351466286,-72.26565617786862,-72.72327585332036,-73.1164536501026,-73.45168681930379,-73.73551915631526,-73.97428094847358,-74.1739080435246,-74.33983106788598,-74.47692155897079,-74.58948083008237,-74.68125852299805,-74.75548990918249,-74.81494348038572,-74.86197273325955,-74.8985679778991,-74.92640554402045,-74.94689289767712,-74.96120898813798,-74.97033966931343,-74.9751083619318,-74.97620231498047,-74.97419491321693,-74.96956451062317,-74.9627102522754,-74.95396531853254,-74.94360798072645,-74.93187080903343,-74.91894832860142,-74.90500338234972,-74.89017241892032,-74.87456988542138,-74.85829187861687,-74.84141917129449,-74.82401972466342,-74.80615078683829,-74.7878606461953,-74.76919007914073,-74.75017354698429,-74.73084019780623,-74.71121471486352,-74.69131802904865,-74.67116791316262,-74.65077947341904,-74.63016555474192,-74.60933709185596,-74.58830340196498,-74.56707242356475,-74.5456509222967,-74.52404466737374,-74.50225857925481,-74.48029686659858,-74.4581631397178,-74.4358604849181,-74.41339153023804,-74.39075852127286,-74.36796338155543,-74.34500775590489,-74.32189304747617,-74.29862045403459,-74.27519100111905,-74.25160556494644,-74.22786489381575,-74.2039696305933,-74.17992033532688,-74.15571749769445,-74.1313615402439,-74.10685282374573,-74.08219165928533,-74.05737831122572,-74.03241300104511,-74.00729591933359,-73.98202723859674,-73.95660712229787,-73.93103572055621,-73.90531317157395,-73.87943960628863,-73.85341514735937,-73.8272399143339,-73.80091402584259,-73.77443759821392,-73.74781074898189,-73.72103359741723,-73.69410626566165,-73.6670288786141,-73.63980156147261,-73.61242444072684,-73.58489764994724,-73.55722132875486,-73.5293956229756,-73.50142068776628,-73.47329668728645,-73.44502379474856,-73.41660219081996,-73.38803206469126,-73.35931361722653,-73.3304470686177,-73.30143265840452,-73.2722706392971,-73.24296127381496,-73.213504833667,-73.18390160048692,-73.15415186413824,-73.12425592272413,-73.09421408545892,-73.06402667535316,-73.0336940294507,-73.00321649863099,-72.97259444844508,-72.94182826015616,-72.91091832895114,-72.87986506513955,-72.84866889631203,-72.81733026169638,-72.7858496085839,-72.75422739518721,-72.72246409330525,-72.69056019187327,-72.65851619601472,-72.62633262197474,-72.59400999546185,-72.56154885026115,-72.52894973154663,-72.49621319852272,-72.46333982118672,-72.43033017986774,-72.39718486609435,-72.36390448294314,-72.33048964915622,-72.29694100123224,-72.26325919031358,-72.22944488036288,-72.19549874931892,-72.16142149021881,-72.12721380776448,-72.09287641563355,-72.0584100373682,-72.02381540927419,-71.98909328236634,-71.95424442228499,-71.9192696091289,-71.88416963516369,-71.84894530328602,-71.81359742717356,-71.77812683195545,-71.7425343538572,-71.70682084067178,-71.67098715357007,-71.63503416673356,-71.59896276746993,-71.56277385489044,-71.5264683388206,-71.49004713994532,-71.45351118809464,-71.4168614220075,-71.38009878911863,-71.34322424573168,-71.30623875873013,-71.26914330549191,-71.23193887297818,-71.19462645938417,-71.15720707525973,-71.11968174064015,-71.08205148404457,-71.04431734421459,-71.00648036960747,-70.96854161750103,-70.93050215320635,-70.89236305073906,-70.85412539299698,-70.8157902704454,-70.7773587812648,-70.73883203208077,-70.70021113871532,-70.6614972257154,-70.62269142596979,-70.58379488156736,-70.544808742875,-70.50573416671546,-70.46657231606221,-70.42732436060646,-70.38799147756997,-70.34857485143138,-70.30907567357242,-70.26949514151931,-70.2298344583437,-70.19009483293036,-70.15027747988742,-70.11038361931678,-70.0704144762662,-70.0303712804146,-69.99025526609023,-69.95006767272459,-69.90980974452755,-69.86948273029107,-69.82908788377026,-69.78862646286737,-69.74809972922084,-69.70750894786633,-69.66685538691398,-69.62614031772075,-69.58536501439771,-69.54453075336652,-69.5036388132768,-69.46269047489945,-69.42168702100108,-69.38062973719362,-69.33951991163704,-69.29835883419598,-69.25714779612683,-69.2158880893806,-69.1745810065046,-69.13322784071278,-69.09182988612959,-69.05038843740722,-69.00890478917682,-68.9673802359708,-68.92581607213408,-68.88421359229515,-68.8425740915661,-68.80089886466395,-68.75918920565621,-68.71744640806001,-68.67567176441949,-68.63386656610874,-68.59203210336852,-68.55016966534714,-68.50828054015197,-68.46636601491893,-68.42442737590669,-68.38246590862313,-68.34048289799226,-68.29847962857058,-68.25645738482349,-68.21441745147372,-68.17236111393613,-68.13028965885582,-68.08820437477006,-68.04610655291879,-68.00399748823365,-67.9618784805427,-67.91975083603596,-67.8776158690483,-67.83547490422902,-67.79332927918517,-67.75118034770696,-67.70902948371076,-67.66687808606933,-67.62472758454109,-67.5825794470619,-67.54043518872437,-67.49829638283929,-67.45616467454637,-67.41404179750214,-67.37192959418925,-67.32983004030064,-67.28774527332403,-67.24567762464797,-67.2036296527794,-67.16160417181858,-67.11960426291775,-67.07763324552458,-67.03569456943008,-66.99379157325646,-66.95192705861875,-66.9101026868078,-66.86831834297168,-66.82657177896122,-66.78485886254535,-66.74317447283485,-66.7015136528869,-66.65987248226891,-66.61824840415545,-66.57664010752464,-66.53504721325736,-66.49346995467276,-66.45190893293716,-66.26948721025653,-66.09192294894454,-65.91921036972124,-65.75131727880742,-65.58819784065435,-65.42979943984139,-65.27606630991151,-65.12694140823525,-64.98236734337934,-64.84228679308606,-64.70664265150003,-64.57537803652902,-64.44843622976163,-64.32576058932042,-64.20729445819741,-64.09298108050467,-63.982763532209866,-63.876584669451546,-63.774387095430995,-63.676113145594755,-63.58170489003962,-63.49110415160536,-63.40425253785996,-63.32109148505895,-63.241562312131066,-63.16560628277691,-63.09316467384596,-63.02417884826528,-62.95859033092109,-62.89634088603338,-62.83737259470905,-62.78162793150621,-62.72904983898754,-62.67958179938274,-62.63316790261544,-62.589752910079476,-62.549282313669934,-62.51170238968701,-62.476960247334034,-62.44500387162538,-62.41578216060519,-62.389244956854135,-62.3653430733293,-62.34402831364149,-62.325253486926265,-62.30897241750924,-62.29513994960417,-62.283711947314075,-62.27464529023207,-62.26789786496026,-62.263428552882544,-62.261197214541475,-62.26116467098059,-62.26329268242298,-62.26754392466445,-62.27388196356668,-62.2822712280418,-62.2926769819268,-62.30506529515287,-62.319403014623276,-62.33565773522264,-62.353797771391804,-62.3737921297154,-62.39561048298425,-62.419223146211706,-62.44460105510178,-62.47171574748752,-62.50052410990023,-62.530999979386316,-62.56311776548454,-62.596852403527606,-62.632179337381345,-62.66907451839474,-62.70751441840112,-62.74747605532762,-62.788937030516436,-62.831875577273195,-62.876270620461774,-62.92210184718301,-62.96934978872476,-63.01799591405815,-63.068022735200216,-63.11941392477172,-63.172154446043116,-63.22623069569555,-63.28163065943051,-63.338344080429515,-63.39636264049156,-63.455680153456306,-63.51622928243709,-63.57800429980986,-63.6410171298422,-63.70528103272237,-63.77081109238603,-63.8376068744946,-63.90566421304096,-63.974987260696885,-64.0455056378255,-64.11721705861851,-64.19018389145437,-64.26446930343646,-64.34008408530781,-64.41707565486996,-64.49548905159696,-64.5754030769738,-64.6568422549412,-64.73987267292246,-64.8244817608528,-64.91070115731364,-64.99859872867658,-65.0880799356861,-65.17921885491805,-65.27204057013165,-65.36631213874713,-65.46192842509839,-65.5588870599816,-65.65704453096222,-65.75626163907134,-65.8564217322869,-65.9573375863701,-66.05878619530607,-66.16053963772724,-66.26222598388902,-66.36360367946979,-66.46429279300222,-66.56399487979174,-66.66252948448899,-66.75967843938362,-66.85510289428599,-66.94859305845887,-67.03985254581953,-67.12879607904556,-67.21527401200969,-67.2987980237609,-67.37906364789896,-67.45602755312181,-67.52975100813566,-67.6003446160091,-67.66798616221408,-67.73256050376146,-67.79409622083418,-67.85279723618692,-67.90886907189895,-67.96211790669317,-68.01251279053768,-68.05997699916334,-68.10440014737952,-68.14567647276998,-68.18366237528835,-68.21844828921319,-68.25011971027118,-68.2788742065767,-68.30466489255191,-68.32759865319773,-68.34770108741125,-68.36493535404476,-68.37934882469942,-68.39096171862262,-68.39997896895065,-68.40623908308038,-68.40943066525658,-68.40949744920171,-68.40682699174364,-68.40181211236265,-68.39439081310765,-68.38413560541203,-68.37123554167525,-68.35581751719482,-68.33765059207363,-68.31675372946836,-68.29333312620295,-68.26726216267242,-68.23860948089826,-68.20739684780968,-68.17373266479214,-68.13806494537938,-68.10058641931106,-68.06133559634436,-68.02038962759333,-67.97796029709419,-67.93416054010576,-67.88908058688287,-67.84294708357315,-67.79585730776718,-67.74759393096014,-67.69822884689337,-67.6474725626219,-67.59521214180695,-67.54159045362107,-67.48650521065805,-67.42993176791465,-67.3718680589179,-67.31223361422026,-67.25092722260167,-67.18794257593046,-67.1231964128196,-67.05637671527194,-66.98775904227463,-66.91765650516355,-66.8461655624875,-66.77336239639303,-66.69934977041204,-66.62435284153453,-66.54850147461929,-66.47141279793864,-66.39289394199062,-66.31283404534629,-66.23141936652196,-66.14875325663046,-66.06484107889526,-65.97992790853021,-65.89394357434863,-65.80686490799748,-65.71893297744465,-65.63046324574977,-65.54164834671273,-65.45263794340062,-65.36352559134325,-65.27428023190016,-65.18462907062887,-65.09450912757849,-65.00404278507246,-64.91343699591269
-74.54812729111453,-74.52680858550204,-74.50527343298941,-74.48353068628377,-74.46158794449221,-74.43945173592975,-74.41712767338481,-74.39462058614755,-74.37193463241188,-74.34907339508216,-74.32603996353208,-74.30283700345849,-74.18125565240963,-73.98435631132658,-73.80848168499479,-73.65169074487164,-73.51220215081355,-73.38839321357543,-73.2787937347677,-73.18207668719283,-73.09704722970959,-73.0226311112938,-72.95786316119617,-72.90187629408582,-72.85389126964678,-72.81320731836935,-72.77919366289406,-72.75128191371392,-72.7289592890635,-72.71176259402334,-72.69927288810365,-72.53007804443072,-72.23425735478389,-71.96874034157594,-71.7305217522771,-71.51694439591381,-71.32565955595992,-71.15459213352324,-71.00190992207129,-70.86599647355284,-70.74542707810761,-70.6389474401424,-70.54545468974786,-70.46398041919875,-70.39367547944175,-70.33379631126861,-70.28369262071762,-70.24279623860268,-70.21061103037816,-70.18670374520269,-70.17069571240677,-70.16225530989145,-70.1610911425486,-70.16694587983231,-70.1795907103525,-70.19882037802977,-70.22444876917461,-70.25630502307307,-70.29423014052153,-70.33807406550908,-70.38769321514897,-70.44294843226022,-70.5037033339275,-70.56982302813718,-70.64117316938331,-70.71761932311374,-70.79902660816111,-70.88525958595784,-70.97618236541548,-71.07165889287052,-71.1715533974456,-71.27573096350973,-71.38405820358452,-71.49640400696723,-71.61264034144371,-71.73264308766439,-71.85629288796663,-71.98347599356495,-72.11408509601273,-72.24802013058643,-72.3851890406764,-72.52550849330883,-72.66890453649263,-72.81531318909974,-72.96468095336338,-73.11696523872536,-73.27213468359007,-73.4301693584631,-73.59106082988853,-73.7548120595089,-73.92143710646351,-74.09095436756188,-74.26334246584418,-74.43860855227585,-74.61681262800138,-74.79801486472243,-74.98222205466354,-75.16940987951891,-75.359607798021,-75.55285975163444,-75.7491746357767,-75.94857408842047,-76.15109222482432,-76.35672245652204,-76.56537647194537,-76.77688679375674,-76.99103265749625,-77.20756910376788,-77.42626114428023,-77.64685109367407,-77.86895654325562,-78.09217654287488,-78.31610806378808,-78.54033560080894,-78.76445158122435,-78.9880459067991,-79.21073225986164,-79.43220365897432,-79.65222087227846,-79.87064600561305,-80.08747086628209,-80.302713672109,-80.51630900589286,-80.7280823068485,-80.93794995511142,-81.14577935145263,-81.35144560295369,-81.55505047949707,-81.75659444056305,-81.95581166709796,-82.15250739879149,-82.34693595160273,-82.53915471475779,-82.72907877260515,-82.9171248312708,-83.10394462698358,-83.28998493372197,-83.47539875616259,-83.66028398862346,-83.84466895226029,-84.02867688480136,-84.21241543083941,-84.39593331643286,-84.57921891986514,-84.76190513472336,-84.94371510201253,-85.12444782830354,-85.3038099026845,-85.48131474708163,-85.65655159109937,-85.8295411252553,-86.00034670024596,-86.16886323471681,-86.33477215574933,-86.49783416950294,-86.6580130417242,-86.81518230688239,-86.96884640624192,-87.11863319811431,-87.26434857245752,-87.40575683608857,-87.54258501664704,-87.67424026588823,-87.79986254395749,-87.91897013454707,-88.03174539814005,-88.13816225584128,-88.23788686095028,-88.33113037659597,-88.41845753503944,-88.50019834693741,-88.57670249861889,-88.64780521796739,-88.71309796324975,-88.77283656689505,-88.82740248189052,-88.87692542331085,-88.92110888595298,-88.95955445568428,-88.99250329120855,-89.02039499864088,-89.04338655121694,-89.06176142687336,-89.07563396983285,-89.08474785107082,-89.0887267549384,-89.08693754924352,-89.07917447770552,-89.06587907218977,-89.04701951488458,-89.02254333639036,-88.99304858768404,-88.95899752325393,-88.91976859804758,-88.87468997269568,-88.82404819703898,-88.76801889433217,-88.70650362480173,-88.63943558036824,-88.56703820838308,-88.48992531860505,-88.40847003692024,-88.32250428784123,-88.23196992247709,-88.13697962994048,-88.0372720621795,-87.93297940927847,-87.8245987262874,-87.7120189738306,-87.59526492570197,-87.4750555564262,-87.35155374471402,-87.22423867335725,-87.09295360706328,-86.9578995756899,-86.8194094381123,-86.67750014014644,-86.5318379349667,-86.38231959105092,-86.22876742147835,-86.0709838048077,-85.90902427210459,-85.74292333262089,-85.57286984438815,-85.399046161168,-85.22153112386384,-85.04036150500896,-84.85568181152786,-84.66788767332551,-84.4772741279848,-84.28375625035865,-84.08739565846003,-83.88851514700814,-83.6873571548392,-83.48422646217861,-83.2793892952227,-83.07294663251449,-82.86469527921021,-82.65434598930699,-82.44163908071164,-82.22643825433124,-82.00892142343689,-81.78969175557228,-81.5692389028324,-81.34769865926984,-81.1252920140136,-80.90218680144292,-80.67840251512676,-80.45395354961349,-80.2287184314183,-80.00230811069062,-79.77460031195997,-79.54547089440186,-79.31453703149563,-79.08183357330523,-78.84771347295319,-78.61239718978968,-78.37603225907463,-78.13846307952606,-77.89959768779981,-77.65974918519781,-77.4190940080463,-77.17771655157905,-76.93577196587444,-76.69342139073102,-76.45093262031732,-76.20872192423572,-75.96704389809828,-75.72579665316835,-75.48485762517427,-75.24417846084707,-75.0037024050399,-74.76344296720771,-74.5234735761357,-74.28371003721244,-74.04422462788223,-73.80531954884081,-73.56718863810137,-73.32981910038188,-73.09298234447941,-72.8564589570031,-72.62011739077386,-72.38395895825462,-72.14813274363641,-71.91283327011377,-71.67808504851662,-71.44391551725857,-71.21046263518713,-70.9778320791117,-70.74595956261903,-70.51469012519212,-70.28410988953772,-70.05441751446834,-69.8256065764744,-69.59759998894044,-69.37039936760203,-69.14409068613489,-68.91877585549331,-68.69458819440595,-68.47175644418226,-68.25044317484773,-68.03056789286688,-67.81193185345938,-67.59454711781083,-67.37853355508898,-67.16393876228712,-66.95070899554686,-66.73872056092318,-66.52795822631573,-66.31843752364422,-66.11019616755388,-65.9033560180945,-65.69802522430373,-65.4942804351649,-65.29217236244207,-65.09173031923378,-64.8929574317236,-64.6957278969074,-64.49988646255439,-64.30541042041861,-64.11231892566069,-63.920613895617095,-63.730282852334014,-63.541260974455206,-63.35343437331886,-63.166736352967504,-62.981144108446365,-62.79662305091214,-62.613128526465566,-62.43060719618241,-62.248998136708906,-62.06823370976279,-61.888231480075994,-61.708827034390275,-61.52987724408722,-61.35123999673788,-61.17268932065969,-60.994082869462915,-60.815306605706205,-60.63620995247478,-60.45664085844712,-60.27646076450776,-60.09560075259985,-59.91402061650661,-59.731656726553254,-59.54842477886531,-59.36422191701407,-59.17877378242634,-58.991804689137304,-58.80312292279665,-58.61254401769227,-58.41995242101485,-58.22521042949342,-58.02812965612066,-57.828439795403824,-57.625886730807665,-57.420260989653684,-57.21132318716908,-56.99880435985823,-56.78236598306295,-56.561601288742715,-56.33612626317739,-56.10551868951694,-55.86929364731853,-55.62698951792233,-55.37812995010944,-55.12218218326725,-54.85855332150694,-54.58658547479098,-54.30554969433868,-54.014638593515194,-53.71295750593052,-53.39951398797823,-53.07320542167573,-52.73280441323278,-52.37694161061965,-52.0040854762832,-51.61251844505858,-51.20030876727043,-50.76527717682269,-50.30495732606025,-49.81654868385447,-49.29686028909787,-48.74224337457547,-48.148510409538794,-47.51083753467136,-46.823646661119135,-46.080462658715355,-45.27374005892116,-44.394652557867786,-43.432837381237285,-42.376085409831965,-41.2099671707798,-39.917384981772564,-38.47804383591942,-36.86784011025404,-35.058181563439526,-33.01528078595923,-30.699518242458765,-28.065068468540783,-25.060152312865792,-21.6285581798768,-17.713499401005187,-13.2654059027818,-8.255611166095495,-2.697308150328719,3.3277771108352283,9.644941191880045,15.98032956094238,21.991258230755683,27.337292003313262,31.76759680659446,35.18012319218826,37.62233590411473,39.24217865749241,40.22435277435921,40.74211867394602,40.93417073622911,40.90088516957587,40.710304859834594,40.40672868982489,40.01844824042625,39.563489134891334,39.053503296224655,38.49625863506267,37.89717377446902,37.26024487606794,36.58859962295755,35.88482732370946,35.151175950997555,34.38967026393186,33.60218295194841,32.79047759094207,31.956234513154833,31.101066211955597,30.22652628423053,29.33411436956888,28.425278623176773,27.501416698737206,26.563875869590564,25.61395269614291,24.652892504689635,23.681888848655962,22.702083060097983,21.714563956461568,20.720367738343647,19.720478094023445,18.71582651298468,17.707292801614322,16.69570578841707,15.68184420250009,14.6664377070991,13.650168069059404,12.633670445108542,11.61753476620769,10.602307202061976,9.588491688867883,8.576551504479525,7.566910876309491,6.559956608391072,5.556039715076082,4.555477049798773,3.558552918179963,2.5655206654630174,1.5766042288547766,0.5919996457851979,-0.38812349060387363,-1.363620637276168,-2.334370976945368,-3.300276172185832,-4.2612592068914,-5.217263324318111,-6.168251071395409,-7.114203459513914,-8.055119252570677,-8.991014393645552,-9.921921582259428,-10.847890014687826,-11.768985300226598,-12.685289566583458,-13.596901767648864,-14.503938206732492,-15.406533287887552,-16.304840507140053,-17.199033694255718,-18.08930851408537,-18.975884234513813,-19.859005766246938,-20.73894597423652,-21.616008260700468,-22.490529414862166,-23.362882719660917,-24.233481301952775,-25.102781707994538,-25.971287680815564,-26.83955411026693,-27.708191119819865,-28.577868246147716,-29.449318658263024,-30.323343348006183,-31.200815209190488,-32.08268290255891,-32.96997437200117,-33.86379984078371,-34.76535407041807,-35.67591760033975,-36.596856606162106,-37.52962091419094,-38.47573958564578,-39.43681333231463,-40.41450283703996,-41.41051185131656,-42.426563704002724,-43.464369591719084,-44.52558677495736,-45.61176458460342,-46.7242760037558,-47.864232620927794,-49.03238104877771,-50.22897963594864,-51.45365563702625,-52.70524516185556,-53.98162139791945,-55.279520922008096,-56.594383301026525,-57.92022517165246,-59.24957560882826,-60.573503216838716,-61.88176473164854,-63.16309760697552,-64.40566333993179,-65.59762440961592,-66.72780916571018,-67.78639258351761,-68.76550520150576,-69.65968517670288,-70.46611135428121,-71.18459351812055,-71.81733879461143,-72.36854835542292,-72.84391754096336,-73.25011329766225,-73.59428930457443,-73.88367828205203,-74.12527958191114,-74.32564282632583,-74.49073695020327,-74.62588831817212,-74.73577025356991,-74.82442773182962,-74.89532379111388,-74.95139737900112,-74.99512529606422,-75.02858337684577,-75.05350391021587,-75.07132770159008,-75.08325012960196,-75.09026114877162,-75.0931795672489,-75.09268211175473,-75.0893278666085,-75.08357868493921,-75.07581616747271,-75.06635574028951,-75.05545828292016,-75.04333971275194,-75.03017888236174,-75.0161240809781,-75.00129837754349,-74.98580401357272,-74.9697260186808,-74.95313518707846,-74.93609052907398,-74.91864128688023,-74.90082859554009,-74.88268685427981,-74.86424486540751,-74.84552677098905,-74.82655282413398,-74.80734003115782,-74.78790268200558,-74.76825279158786,-74.74840046488183,-74.72835420394543,-74.70812116777908,-74.68770739553689,-74.66711797854835,-74.64635720111782,-74.62542867935947,-74.60433546563878,-74.58308012560744,-74.56166481831019,-74.54009136239262,-74.51836128723079,-74.49647587083776,-74.47443616875348,-74.4522430521331,-74.4298972429567,-74.40739933709551,-74.38474982167608,-74.36194909580239,-74.33899748017788,-74.3158952251942,-74.29264252575965,-74.2692395379724,-74.24568638675117,-74.22198316819583,-74.19812995401105,-74.17412679210135,-74.14997371246093,-74.12567073402731,-74.10121786409778,-74.07661510417195,-74.05186246198588,-74.0269599490006,-74.00190757479471,-73.9767053494328,-73.95135328276356,-73.92585137961687,-73.9001996442902,-73.87439808293125,-73.84844669970397,-73.82234549738905,-73.79609448059239,-73.7696936670741,-73.74314309198051,-73.71644280518844,-73.68959287133399,-73.66259336473814,-73.63544436750111,-73.60814596881391,-73.5806982679078,-73.5531013764908,-73.52535541339384,-73.49746050294705,-73.46941677809023,-73.44122438101586,-73.412883465347,-73.384394198833,-73.35575676486046,-73.32697136372688,-73.29803820733247,-73.26895751493552,-73.23972951843704,-73.21035446512741,-73.1808326151475,-73.15116423953707,-73.1213496203885,-73.09138905578229,-73.06128286184476,-73.03103137188526,-73.00063493459673,-72.97009391219667,-72.93940868158965,-72.90857963486734,-72.87760717747042,-72.846491728788,-72.81523372481581,-72.78383361557123,-72.75229186384831,-72.72060894705788,-72.68878535321375,-72.65682157931097,-72.62471813282754,-72.59247553433433,-72.56009431823068,-72.52757503011567,-72.4949182262676,-72.46212447657713,-72.42919436629651,-72.39612849316903,-72.36292746622593,-72.32959190898893,-72.29612246037172,-72.26251977194275,-72.228784506648,-72.19491733878955,-72.16091895460237,-72.12679005273279,-72.09253134453455,-72.05814355458824,-72.02362742025107,-71.98898369230697,-71.95421313440465,-71.91931652219202,-71.88429464339423,-71.84914829816718,-71.81387830003015,-71.77848547529224,-71.74297066252383,-71.70733471300761,-71.67157849116356,-71.63570287612518,-71.59970876196019,-71.56359705398658,-71.52736866722812,-71.49102452715843,-71.45456557014009,-71.41799274399196,-71.3813070071216,-71.34450932865872,-71.30760068952068,-71.27058208170114,-71.2334545087,-71.19621898588383,-71.15887653833143,-71.12142819967002,-71.08387501242828,-71.04621802878498,-71.00845831123574,-70.97059693253358,-70.93263497484571,-70.8945735294397,-70.85641369708378,-70.81815658820422,-70.77980332248448,-70.74135502910221,-70.70281284684677,-70.66417792310847,-70.62545141347853,-70.58663448236004,-70.54772830327146,-70.50873405834585,-70.46965293786538,-70.43048614012069,-70.39123487147921,-70.35190034643269,-70.31248378788544,-70.27298642741901,-70.23340950493231,-70.19375426919059,-70.1540219780669,-70.11421389778499,-70.0743313025647,-70.03437547456356,-69.99434770412944,-69.95424929005748,-69.9140815402732,-69.87384577247487,-69.83354331387987,-69.7931755010957,-69.75274368059942,-69.71224920970022,-69.67169345709436,-69.63107780360096,-69.5904036430487,-69.54967238285711,-69.50888544483274,-69.46804426618955,-69.42715030106729,-69.38620502243084,-69.34520992422591,-69.30416652337568,-69.26307636214696,-69.22194101122344,-69.18076207326297,-69.13954118702999,-69.09828003221014,-69.05698033503354,-69.01564387485583,-68.97427249187292,-68.93286809625603,-68.89143267912208,-68.8499683250023,-68.80847722632979,-68.7669617004154,-68.72542420929007,-68.68386738311425,-68.64229404711183,-68.60070725216208,-68.55911030917036,-68.51750682573788,-68.47590074337302,-68.43429637239393,-68.3926984179266,-68.35111198651585,-68.3095425568513,-68.26799589014038,-68.22647784701466,-68.18499407258166,-68.14354951779934,-68.10214779603577,-68.06079043787071,-68.01947619665968,-67.97820063167526,-67.93695618971523,-67.89573287676116,-67.85451939595431,-67.81330444552285,-67.772077833244,-67.73083118313242,-67.6895581930526,-67.64825454220055,-67.60691759927019,-67.56554606370256,-67.29321158542396,-66.80710050995229,-66.34061407412233,-65.89409801443446,-65.46770484211301,-65.06145087612917,-64.67525476459765,-64.30896339188745,-63.96236940035285,-63.63522323411766,-63.32724164871679,-63.03811396155126,-62.76750686791116,-62.51506834995506,-62.28043101172971,-62.06321504702397,-61.86303096492933,-61.6794821448886,-61.512167258700835,-61.360682574960144,-61.22462414759481,-61.10358988186686,-60.997181466643376,-60.905006159795334,-60.82667841342378,-60.76182132669963,-60.7100679160291,-60.671062194721706,-60.64446005711558,-60.62992996502833,-60.62715343731815,-60.63582534615464,-60.65565402623673,-60.68636120560135,-60.727681768806285,-60.779363365124624,-60.84116587594938,-60.912860756879844,-60.994230270957104,-61.08506663025231,-61.18517106350786,-61.294352827810535,-61.41242818235814,-61.53921934228739,-61.67455343027777,-61.81826144324849,-61.97017725093376,-62.130136642462894,-62.297976436290256,-62.47353366791691,-62.656644868820734,-62.84714544886283,-63.04486919316435,-63.24964788304808,-63.46131104911634,-63.67968586289548,-63.90459717172681,-64.13586767973983,-64.37331827582435,-64.61676850755055,-64.8660371979997,-65.12094320049901,-65.38130628434047,-65.64692179572157,-65.91758770065029,-66.19313582509241,-66.4734079985424,-66.75825195293949,-67.04752289787189,-67.34108512104486,-67.6388135987224,-67.94059560084284,-68.24633227545111,-68.55594019692087,-68.86935286205453,-69.18652211740597,-69.50741949989089,-69.83203747071627,-70.16039051962585,-70.49251080324379,-70.82841157005507,-71.16814441783436,-71.51183340344099,-71.85962465467529,-72.21160823274768,-72.56778194552878,-72.92820228328328,-73.29306790703919,-73.66263030133166,-74.03717577272093,-74.41702402744417,-74.80248133658556,-75.19380198999333,-75.59118282321457,-75.99475143729529,-76.40456428298717,-76.82070119199793,-77.24318703290253,-77.67181975308652,-78.1062516096692,-78.54609850701111,-78.99095650673065,-79.44030684767402,-79.89344741881516,-80.34958262462335,-80.80793109417532,-81.26761260058937,-81.7275274632569,-82.18660447561832,-82.64403265975577,-83.09905570695976,-83.55073130870748,-83.99803491359384,-84.43979529660996,-84.87516837514085,-85.3035911338551,-85.72438513928603,-86.13684390526619,-86.54037551975422,-86.93491569891995,-87.32030188301525,-87.69612258215174,-88.0625454878612,-88.4201648061005,-88.7691937635098,-89.10963727739733,-89.44171717256812,-89.76557039114836,-90.0812790975471,-90.38877975038534,-90.68808625603397,-90.97930458823274,-91.2623276564295,-91.53716537730674,-91.80400980818347,-92.0629060174786,-92.31353003658302,-92.5559610721288,-92.79073189839285,-93.01812062441361,-93.23841885745232,-93.45167572515797,-93.65786130745947,-93.8574636510689,-94.05071941353887,-94.23727507206507,-94.41675463933208,-94.58880187914994,-94.75351276587946,-94.91131018587909,-95.06213409605856,-95.20550499143359,-95.34104669437806,-95.46884110050834,-95.588795349049,-95.70047329612203,-95.80390551137874,-95.8995903346557,-95.98785767043408,-96.06900998668627,-96.1429728699851,-96.20926254213691,-96.26761514914195,-96.31834035371087,-96.36206479665626,-96.3987467347514,-96.42829475839817,-96.45099477645914,-96.46694922791042,-96.47627758385856,-96.47925393437443,-96.47590488364283,-96.46611589611203,-96.44976508209503,-96.42612871041571,-96.39484978228292,-96.35634425465088,-96.310550093304,-96.2575167874256,-96.1982144893416,-96.13336484898007,-96.06247716909887,-95.98492898543051,-95.90064729321486,-95.80986362520032,-95.71239421530811,-95.60797793459474,-95.49702144811432,-95.37975206437945,-95.25598362387557,-95.1254575496968,-94.98817073604648,-94.84435666474977,-94.6941671907882,-94.53800826899479,-94.37639963496001,-94.20935591011516,-94.03699186807982,-93.85989862964772,-93.67813820543715,-93.49155195669633,-93.30039166358556,-93.10517352623891,-92.90641185127825,-92.70432127646741,-92.49857119849104,-92.28850392456744,-92.07396727719652,-91.85515015608786,-91.63216352443091,-91.40497848760364,-91.17391280335796,-90.93952054289186,-90.70212333341618,-90.46189662414804,-90.2190415213501,-89.97371618770065,-89.72571010092517,-89.47488497061045,-89.22118080031038,-88.9645154040996,-88.70473315636544,-88.441725498126,-88.17577843114579,-87.90728787715004,-87.63634607734035,-87.36276740485201,-87.08622179408337,-86.80659343608437,-86.52423739039288,-86.23967512730937,-85.9532267353095,-85.66489371123352,-85.37484887390323,-85.08347897434122,-84.79118274534191,-84.49838537913816,-84.20506626864771,-83.91085496707986,-83.61563195197344,-83.31935577027673,-83.02201073891372,-82.72372829634352,-82.42448323679531,-82.12443357283618,-81.82398243256294,-81.52328090698539,-81.22236951406852,-80.92120793219345,-80.61949614086741,-80.31697605825075,-80.01382918754656,-79.71023926098701,-79.40635660400999,-79.10245895129897,-78.79861920515019,-78.49470541651228,-78.19065754076388,-77.88640544424005,-77.58175189168983,-77.27661761230573,-76.9711615952444,-76.66557409927952,-76.36006719282355,-76.0548710973186,-75.75021261108077,-75.44623000687346,-75.14295180654597,-74.84056452830148,-74.53917402333742,-74.23855958836397,-73.93864509137569,-73.63956946740662,-73.34139637444181,-73.04424161256254,-72.74821714615892,-72.45337862092138,-72.15978219240802,-71.8674963182254,-71.57663778684956,-71.28735269325357,-70.99970016154425,-70.71361647693259,-70.42906277268673,-70.1460253309227,-69.8644547420329,-69.58428479117025,-69.30549273495348,-69.02816935407736,-68.75237278347565,-68.47802532201445,-68.2050903247964,-67.93354247513753,-67.66333030936893,-67.39445939796117,-67.12692975622925,-66.86072276997025,-66.5958197284814,-66.33224696639456,-66.07004641955122,-65.80923807455942,-65.54981439877744,-65.2916747820406,-65.03473041523321,-64.77888629086543,-64.52395607895228,-64.2698316081742,-64.01642885070858,-63.763678958094154,-63.5115268448627,-63.259857304785804,-63.00859162536685,-62.75768281404754,-62.50706227929689,-62.25664187241083,-62.006315414909004,-61.755804370228006,-61.50482697514791,-61.253185680169864,-61.000688895960074,-60.74721373521839,-60.49261406241573,-60.2366914425126,-59.9791631564489,-59.719760283746204,-59.458256936830594,-59.19439489515344,-58.92782738755919,-58.65811599477853,-58.38482018508065,-58.107548937733476,-57.82586395824304,-57.53925474396958,-57.247225696747655,-56.94925818949725,-56.64476823777498,-56.33310215488739,-56.0135308325286,-55.6852425433429,-55.34733411416922,-54.99880026545268,-54.6385208510009,-54.265245660044606,-53.877576356914865,-53.47394502819776,-53.05258867745621,-52.61151884650998,-52.14848534087716,-51.660932783805556,-51.14594840359024,-50.600199053627136,-50.01985494966474,-49.40049695326193,-48.737003396112556,-48.02341137969057,-47.252746143431494,-46.41681041214655,-45.505923553398276,-44.50859786756534,-43.41113643817075,-42.19713389313085,-40.846858721557446,-39.336494706725446,-37.63722218726262,-35.71413245975463,-33.525000783866616,-31.01901426277851,-28.135695708144127,-24.80454632859094,-20.946450466083064,-16.47877058248446,-11.327329129010455,-5.449599892093249,1.1275193484284536,8.25890966943333,15.641168648665598,22.82004124390852,29.28055621319327,34.603435326233075,38.60067617111699,41.34013367211774,43.057603033223614,44.03541597940047,44.51888151872,44.68651978272869,44.654652199929245,44.49398597226643,44.24576146338588,43.93359313435063,43.570978672610956,43.16575955842226,42.72265703820964,42.24468115761379,41.73390639424596,41.1918983148417,40.61994935556487,40.01920999718051,39.390762088494654,38.73565969674969,38.05495138156399,37.349691617634406,36.62094575209162,35.8697910527448,35.09731538242033,34.30461445087859,33.4927882520687,32.66293708513066,31.816157425389143,30.95353782513345,30.076154965561514,29.1850699406796,28.281324825122706,27.36593955705591,26.439909152147507,25.50420125349439,24.559754014252118,23.60747430382115,22.648236224223055,21.682879920367355,20.71221066596333,19.736998205645634,18.75797633328513,17.775842686311535,16.791258736076912,15.804849954753342,14.817206139917186,13.828881878770312,12.840397134839959,11.852237940946782,10.864857183202913,9.878675461773064,8.894082015079842,7.911435695040851,6.931065981774799,5.953274026993681,4.978333715996994,4.006492738793892,3.0379736613916735,2.072974988699523,1.1116722107995212,0.15421882453070213,-0.7992526775860369,-1.7486298590832026,-2.6938194400814135,-3.634746455005912,-4.57135347620936,-5.5035999126567,-6.431461393336023,-7.354929245628203,-8.274010079477671,-9.188725488831853,-10.099111882429202,-11.00522045658174,-11.907117323079776,-12.804883806176855,-13.698616920916262,-14.58843004761249,-15.474453815959642,-16.356837211186605,-17.235748914149433,-18.111378885971806,-18.983940206185917,-19.853671171279387,-20.720837658117908,-21.585735753896536,-22.448694651615803,-23.31007980472081,-24.170296332257994,-25.029792662541844,-25.889064395897865,-26.74865836210761,-27.609176843531586,-28.47128192550998,-29.33569992551812,-30.203225840313365,-31.074727734250065,-31.95115097067045,-32.83352215321561,-33.7229526158046,-34.6206412492308,-35.52787638106522,-36.44603634969646,-37.37658830951481,-38.321084670716026,-39.28115642107379,-40.25850238030668,-41.25487321880561,-42.27204881416317,-43.31180723353178,-44.37588333248702,-45.46591469961867,-46.58337249184477,-47.72947466943712,-48.905079371646096,-50.1105568518927,-51.34563969783175,-52.609253266614246,-53.89933159852771,-55.212628671359255,-56.54454076655767,-57.88896245811852,-59.238205282695674,-60.583012783493714,-61.9127057520298,-63.21548423439869,-64.4788960580947,-65.69045526040244,-66.83836146404498,-67.91224072743032,-68.90380988744792,-69.80736864004926,-70.62004941176474,-71.34179870697915,-71.9751123835643,-72.52458696448977,-72.99636976605464,-73.397590277852,-73.73583882277727,-74.01873433341683,-74.2535989434265,-74.44723809021436,-74.6058127216515,-74.73478461783264,-74.83891501122156,-74.9222987270297,-74.98841944308732,-75.04021527470377,-75.08014714803959,-75.11026508719377,-75.13226957984328,-75.14756659876159,-75.1573157887932,-75.16247194577859,-75.16382026746194,-75.16200601272381,-75.1575592583834,-75.15091544444572,-75.14243235147703,-75.13240408185551,-75.12107254486226,-75.1086368687681,-75.0952611067826,-75.08108054341339,-75.0662068585311,-75.05073234554945,-75.03473335780453,-75.01827313267263,-75.0014041021634,-74.98416978582425,-74.96660634001606,-74.94874383335174,-74.93060730028044,-74.91221761479736,-74.89359219286584,-74.874745568366,-74.85568989133337,-74.8364353266269,-74.81699037233756,-74.79736214030241,-74.77755658725249,-74.75757870180645,-74.73743265473644,-74.71712192036523,-74.69664939240069,-74.6760174843109,-74.6552282058876,-74.63428322464097,-74.61318392365641,-74.59193144212095,-74.57052670907612,-74.54897048000603,-74.52726337255456,-74.5054058890453,-74.4833984316289,-74.46124131753747,-74.43893478783836,-74.41647902110505,-74.39387414699598,-74.37112025083081,-74.34821738428055,-74.32516558157393,-74.30196485988044,-74.27861521638386,-74.25511663359049,-74.23146907994855,-74.20767250585054,-74.1837268502589,-74.15963204479701,-74.1353880109934,-74.11099466169358,-74.08645190521938,-74.06175965862064,-74.0369178527609,-74.01192642954987,-73.98678534173175,-73.96149454778552,-73.9360540106782,-73.91046369725342,-73.88472358175113,-73.85883364884772,-73.83279388791,-73.80660429115179,-73.78026485716495,-73.75377559199404,-73.72713651166978,-73.7003476452962,-73.67340903714616,-73.64632074794335,-73.61908284888422,-73.59169541707202,-73.56415854117492,-73.53647232452064,-73.50863688272173,-73.48065234156446,-73.45251883707715,-73.4242365209156,-73.39580556250267,-73.36722614804044,-73.33849847864917,-73.30962276852891,-73.28059924618272,-73.25142815512454,-73.22210975205097,-73.19264430748589,-73.16303210868028,-73.13327345674912,-73.10336866538242,-73.07331806273719,-73.04312198692638,-73.01278078443295,-72.98229481185666,-72.95166443855537,-72.92089004742706,-72.88997203254597,-72.8589107988346,-72.82770676529026,-72.79636036673655,-72.76487205058078,-72.7332422756613,-72.7014715155605,-72.66956025939966,-72.63750900909359,-72.60531827828845,-72.57298859246103,-72.54052048954527,-72.50791452045803,-72.4751712493808,-72.44229125431643,-72.40927512662505,-72.37612347178877,-72.34283690880066,-72.30941606920061,-72.27586159723317,-72.24217415039148,-72.2083544005153,-72.17440303314481,-72.1403207469391,-72.10610825423663,-72.07176628148845,-72.03729557084283,-72.00269688044192,-71.96797098059189,-71.93311865214339,-71.89814068733064,-71.86303789032215,-71.82781107797337,-71.79246107890974,-71.75698873362673,-71.72139489574822,-71.6856804313113,-71.64984621921391,-71.61389315150326,-71.57782213107038,-71.5416340705333,-71.50532989266357,-71.4689105312772,-71.43237693198911,-71.3957300521289,-71.35897085984666,-71.32210033379528,-71.28511946358019,-71.24802924995348,-71.21083070442944,-71.17352484955371,-71.13611271904001,-71.09859535674984,-71.06097381629871,-71.02324916176596,-70.9854224679875,-70.94749481996266,-70.90946731238374,-70.87134104949465,-70.83311714515784,-70.79479672289402,-70.75638091616273,-70.7178708686106,-70.67926773367216,-70.64057267521613,-70.6017868677227,-70.56291149531393,-70.52394775132258,-70.48489683817117,-70.445759967555,-70.4065383606133,-70.3672332485767,-70.3278458733415,-70.2883774869738,-70.24882935133121,-70.20920273835738,-70.16949893089765,-70.12971922298868,-70.08986492023867,-70.04993734037306,-70.0099378134163,-69.96986768202562,-69.92972830197738,-69.88952104307265,-69.84924729035099,-69.8089084454415,-69.76850592753902,-69.72804117458892,-69.6875156450316,-69.64693081979837,-69.606288204607,-69.56558933261248,-69.52483576747834,-69.48402910694492,-69.44317098698501,-69.40226308673597,-69.36130713451453,-69.32030491442967,-69.27925827398502,-69.2381691330032,-69.19703949413176,-69.15587145556918,-69.11466722599175,-69.07342914204611,-69.03215968916734,-68.9908615252986,-68.94953750792386,-68.90819072540496,-68.86682453212079,-68.82544258669243,-68.78404889164696,-68.74264783123232,-68.70124420145476,-68.65984322232511,-68.61845051632372,-68.5770720291086,-68.53571385953927,-68.49438195983704,-68.45308167106677,-68.41181708599976,-68.37059029092579,-68.32940062506515,-68.28824417618227,-68.24711374305949,-68.20599939135487,-68.1648895284771,-68.12377222605392,-68.08263644157492,-68.04147287198879,-68.00027434524517,-67.95903581489641,-67.91775410264309,-67.76019233612602,-67.49500290628063,-67.12398391658895,-66.65621013395581,-66.2085131263126,-65.78106516167308,-65.37388976823587,-64.98690504434096,-64.61995276715786,-64.27281800080972,-63.945242470196845,-63.6369338985059,-63.347572755906995,-63.07681735839596,-62.82430791876675,-62.589669931343735,-62.372517129001146,-62.1724541583301,-61.989079058871326,-61.821985593630885,-61.670765453264124,-61.53501034062837,-61.414313932830375,-61.308273712458735,-61.216492657090384,-61.138580775515074,-61.07415647982159,-61.02284778409906,-60.984293322707124,-60.95814318361917,-60.944059555062225,-60.94171718642384,-60.95080366706584,-60.97101952919672,-61.00207818325267,-61.04370569628414,-61.09564042561749,-61.15763252155132,-61.22944331405496,-61.3108445993709,-61.401617843098826,-61.50155331677353,-61.6104491851627,-61.72811056152312,-61.85434854788487,-61.988979277099816,-62.131822972908154,-62.28270304365795,-62.44144522456693,-62.607876782550555,-62.781825796661956,-62.963120526100234,-63.15158887654923,-63.347057974311106,-63.54935385630379,-63.75830128250507,-63.97372367585725,-64.19544319300836,-64.42328092757462,-64.6570572458837,-64.89659225342399,-65.14170638850824,-65.39222113799053,-65.64793490563294,-65.9086484395722,-66.17419430943913,-66.44441430460826,-66.71915543637544,-66.99827131888627,-67.28162358704265,-67.56908333814906,-67.86053258422095,-68.15586570200641,-68.45499086784042,-68.75783146439835,-69.06432744614702,-69.37443664967992,-69.68813603400666,-70.00542283405065,-70.3263156078678,-70.65085515417563,-70.97909991025595,-71.31108882533317,-71.64689899693511,-71.98665608214534,-72.33042599806403,-72.67823141699594,-73.03018457660794,-73.38651942745743,-73.74750400553813,-74.11339465999457,-74.48447755211909,-74.86107064685852,-75.24347543032383,-75.63191219264273,-76.02649891553314,-76.42733968964765,-76.83450480361735,-77.24798809631534,-77.66767463974277,-78.09333758109882,-78.52475239093069,-78.96159654178925,-79.40335657676886,-79.84936144575293,-80.29887243839471,-80.75110367132149,-81.20504082537028,-81.65952762617603,-82.11364610176082,-82.56669472330877,-83.01789298372864,-83.46619246150104,-83.91030069088869,-84.34929305924796,-84.78229169068189,-85.20843078184298,-85.62724532069936,-86.03820040297882,-86.44066946973025,-86.83429133163256,-87.21902052155623,-87.59458704058898,-87.96071878704059,-88.31754113523765,-88.66553934914087,-89.00508905678358,-89.33621103469292,-89.65905306797464,-89.97369287972282,-90.28017217330489,-90.57840310012186,-90.86831118784656,-91.15014582910244,-91.42405211775228,-91.68995220161483,-91.94777627488511,-92.19773942476002,-92.43984357149068,-92.67400036560575,-92.90056685265516,-93.11982757495444,-93.33198814062119,-93.53720321546463,-93.7354961380414,-93.92714386844536,-94.11207760716859,-94.28962177676915,-94.45973064101173,-94.62292505852415,-94.77953917764309,-94.92966597759828,-95.07303367350998,-95.20898680255937,-95.33692676300633,-95.45671640418946,-95.56835931860387,-95.67179787547636,-95.76708713399208,-95.85458446556815,-95.9347272336686,-96.00772797594281,-96.07303139976133,-96.13021190733134,-96.17981130403275,-96.22216714348814,-96.25740954237381,-96.28562741816688,-96.30695363286507,-96.32182269812473,-96.33033599996581,-96.3323465531535,-96.32810424647954,-96.31776465135516,-96.30077198694529,-96.27670846023415,-96.24529346487195,-96.20630246118392,-96.16013863732007,-96.10724752183735,-96.04772861171931,-95.9818212722019,-95.91011073722224,-95.83243204550794,-95.74818713565419,-95.65707578313469,-95.55921083269689,-95.45490038041832,-95.34383088000611,-95.22565058921556,-95.10061053585068,-94.96911923579833,-94.83125856795546,-94.68694051886376,-94.536259138877,-94.37941220960002,-94.21678057154445,-94.04894196111925,-93.87616161665419,-93.69840001512877,-93.5160096317004,-93.32943646743017,-93.1388012292567,-92.94414737576895,-92.74564103431318,-92.54350125715453,-92.33768858139118,-92.12784450737988,-91.91349692551891,-91.69454866461699,-91.47133120608092,-91.24436880539092,-91.01397973543193,-90.78045384081943,-90.54415782707419,-90.30520158447138,-90.0634388228424,-89.81875249716,-89.57132904785453,-89.32110613027533,-89.06797604813995,-88.81187732596302,-88.55250872041796,-88.28977908966738,-88.02399127793205,-87.75545473059294,-87.48435181083727,-87.21060002280285,-86.93398976134571,-86.65458228932854,-86.37256831625979,-86.08829510420497,-85.80220057788772,-85.51454001676555,-85.22545521684368,-84.93522515715289,-84.6441123530482,-84.35226715565176,-84.0598756111184,-83.7668559182462,-83.47290190419693,-83.17804340046986,-82.88232226051774,-82.5853856735889,-82.28722522992439,-81.98823528029394,-81.68876942422894,-81.38908763001993,-81.08907177606395,-80.7884556952091,-80.48720211381381,-80.18543075834357,-79.88318287519432,-79.58063519514162,-79.27791341272611,-78.97497580526722,-78.67196108043754,-78.36895150350055,-78.06576445383044,-77.76220228835997,-77.45827459125374,-77.15409392418198,-76.84961196170016,-76.54490380919043,-76.24023108112303,-75.93589183252266,-75.63219681550007,-75.32933114959665,-75.02738584851004,-74.72637543080927,-74.42627891252576,-74.1270378665732,-73.82859123501048,-73.5310684905407,-73.23456165464768,-72.93892973430101,-72.644158077295,-72.35045496037355,-72.058014494002,-71.76688390025969,-71.47716307783335,-71.18903357050516,-70.90262535078263,-70.61796390276362,-70.33495776900587,-70.05353658000729,-69.7735439103032,-69.49478095334875,-69.2172931548083,-68.94124106297718,-68.6667473444263,-68.39384428907938,-68.1223920726341,-67.85225585891688,-67.58341131321245,-67.31590157683085,-67.04976760241011,-66.78499012872349,-66.52153405639244,-66.2593664259926,-65.99850109203898,-65.73896008476869,-65.48066750856448,-65.22355548102644,-64.96754684802099,-64.71247056209408,-64.458231912082,-64.2047588480178,-63.95199335803116,-63.69989033829103,-63.44834385286797,-63.19728409613138,-62.94667278936276,-62.696449940919535,-62.44653602869898,-62.196833654260516,-61.947073107932674,-61.6969818637847,-61.446372257763144,-61.19506323088515,-60.94294327478665,-60.68987846110608,-60.435683470003596,-60.18008969297056,-59.922843609473055,-59.663736232338486,-59.40252781142248,-59.1389480443382,-58.87265570322609,-58.60318323404329,-58.33006592263087,-58.052870037536294,-57.7711277387126,-57.48438838629369,-57.19218140307068,-56.89397476491479,-56.58917159844857,-56.27710549644051,-55.95703447926111,-55.62813348755874,-55.289485244117884,-54.94006926958161,-54.578748774933395,-54.20425508042359,-53.8151691224102,-53.409899501881966,-52.9866563955908,-52.5434204855365,-52.07790585580572,-51.58751554563641,-51.06928811886047,-50.51983319307279,-49.93525334208799,-49.3110491109576,-48.64200302471543,-47.92203738226313,-47.14403924964411,-46.29964434239991,-45.37896936087655,-44.370279791254696,-43.25957726490165,-42.03008751715068,-40.66162742151986,-39.12982887442741,-37.40520132309268,-35.452029130680714,-33.227135686145935,-30.678623812481156,-27.744859583802985,-24.35427108444824,-20.42709108992911,-15.881105967867484,-10.644764864427664,-4.682007183919098,1.9682836357785858,9.143249436697312,16.519658845146804,23.630192984069872,29.96384221825891,35.12491026110443,38.95824389210505,41.557942078353676,43.170840641986786,44.07735302267806,44.5148637189118,44.65346049384861,44.6029185484332,44.42960014206231,44.172113293426314,43.852564487101716,43.48361751599119,43.07266366558604,42.62418599177333,42.14107162916048,41.62533433817053,41.078512377904175,40.50188871626731,39.89661374184454,39.26377393915041,38.60443015012751,37.91963838437566,37.21046040456909,36.47796820410157,35.72324478599458,34.94738269585618,34.15148121285136,33.336642778034005,32.503969040756694,31.654556777901114,30.789493857935724,29.909855365712723,29.016699964849867,28.111066546755183,27.193971195287155,26.266404481418718,25.329329091575264,24.383677785508272,23.430351673915766,22.470218802002115,21.504113022395725,20.532833139023868,19.557142302460484,18.57776763674599,17.595400077597077,16.610694402175955,15.624269431089969,14.636708383978087,13.648559370856809,12.660336002300008,11.672518102479064,10.685552510061154,9.699853952929079,8.715805983624762,7.733761963312699,6.754046082893993,5.776954410664507,4.802755956590633,3.8316937438658325,2.863985878902655,1.8998266113032154,0.9393873756322123,-0.01718219301248125,-0.9697532775767366,-1.918216939770657,-2.8624832310878867,-3.802480362542258,-4.738153941900745,-5.669466287638972,-6.596395829367346,-7.5189366050547255,-8.437097865991918,-9.35090380106351,-10.260393392504492,-11.165620415873038,-12.066653597434641,-12.963576942967906,-13.856490250232541,-14.745509819906536,-15.630769378387765,-16.512421224737437,-17.390637613462484,-18.26561238349064,-19.137562841967902,-20.006731909394773,-20.87339053011689,-21.73784034930602,-22.60041665484908,-23.46149157714291,-24.32147753744154,-25.180830931962106,-26.04005603142503,-26.89970907061744,-27.760402497710718,-28.622809343389683,-29.487667659302247,-30.35578496250502,-31.228042605708506,-32.10539997079218,-32.98889834648592,-33.879664321248804,-34.77891246923319,-35.68794703300013,-36.60816222722247,-37.54104067950382,-38.48814938592292,-39.45113239718613,-40.431699248396825,-41.4316079206191,-42.45264085893881,-43.4965722832027,-44.56512473142238,-45.65991252298751,-46.7823696648912,-47.93365972619168,-49.11456550086517,-50.325357053817356,-51.565638188581445,-52.834173762396055,-54.12870382816942,-55.44575541741334,-56.78046888505766,-58.12646254737296,-59.47576570690706,-60.81885420893466,-62.1448217174415,-63.44171107406365,-64.69701150971567,-65.89829965445692,-67.03396958048681,-68.09396792123282,-69.07043472030892,-69.95815707254891,-70.7547722524242,-71.46070265075204,-72.0788530186737,-72.61413737085779,-73.07291979537698,-73.46244971702825,-73.7903537281344,-74.064221389367,-74.29129887779972,-74.47828652210474,-74.63122538084771,-74.75545341923461,-74.85561165672847,-74.93568303274323,-74.9990502257925,-75.04856224131207,-75.08660274728048,-75.11515568390206,-75.13586560420903,-75.15009152334018,-75.15895391527395,-75.16337506099194,-75.16411326965587,-75.16179162682222,-75.15692196185115,-75.14992471944029,-75.14114536860849,-75.13086790858661,-75.11932595902914,-75.10671184568125,-75.09318403750544,-75.07887323233294,-75.06388733998465,-75.04831555242275,-75.03223166910877,-75.01569682230347,-74.99876170700541,-74.98146840782111,-74.96385189416701,-74.94594125153506,-74.92776069909888,-74.9093304339921,-74.89066730948241,-74.87178539100795,-74.8526964381187,-74.83341028975974,-74.8139351716335,-74.79427796763119,-74.77444444348542,-74.7544394275588,-74.73426695603142,-74.71393039003452,-74.69343252793463,-74.67277570283171,-74.65196185672103,-74.6309925998509,-74.60986926687059,-74.58859295601408,-74.5671645616825,-74.54558481002682,-74.52385429387786,-74.50197349456896,-74.47994279654597,-74.45776250216174,-74.4354328399574,-74.41295397797872,-74.39032603706792,-74.36754909519817,-74.34462319794204,-74.32154837445134,-74.29832463770614,-74.27495198150709,-74.25143038572122,-74.22775981674508,-74.20394022336846,-74.17997154335349,-74.15585370750465,-74.13158663689472,-74.10717024420997,-74.08260443785683,-74.0578891352167,-74.0330242677205,-74.00800977802432,-73.98284561971238,-73.95753175218934,-73.93206813946685,-73.90645474952196,-73.8806915578063,-73.85477855030298,-73.82871571775695,-73.80250305378759,-73.77614055840981,-73.74962823913083,-73.72296611348227,-73.69615421211454,-73.66919258093252,-73.6420812823607,-73.61482038933421,-73.58740998071976,-73.55985014695047,-73.53214099313075,-73.50428263669713,-73.47627520529949,-73.4481188368482,-73.4198136848959,-73.3913599207682,-73.36275773256752,-73.33400732332076,-73.30510890915428,-73.27606272050701,-73.24686900285296,-73.217528014887,-73.18804002916147,-73.1584053349842,-73.12862423554739,-73.09869704663708,-73.06862409850893,-73.03840573135584,-73.00804229372964,-72.97753414429405,-72.94688165443691,-72.91608520904872,-72.88514520420743,-72.85406204687033,-72.82283615809865,-72.79146797479153,-72.75995794642614,-72.72830653391563,-72.69651421289836,-72.66458147451131,-72.6325088226662,-72.60029677301752,-72.56794585306956,-72.53545660279715,-72.50282957516744,-72.47006533641239,-72.43716446658046,-72.4041275590713,-72.37095522140218,-72.33764807459372,-72.30420675219746,-72.27063190045745,-72.23692417886642,-72.20308426126952,-72.16911283521151,-72.13501060134969,-72.10077827401766,-72.06641658165115,-72.03192626835454,-71.99730809420178,-71.9625628314223,-71.92769126278105,-71.89269418241534,-71.85757239638835,-71.82232672345219,-71.78695799412948,-71.75146705080289,-71.71585474898065,-71.68012195658406,-71.64426955438836,-71.60829843629656,-71.57220950703432,-71.53600368104435,-71.49968188291291,-71.46324504826497,-71.4266941245185,-71.39003007079504,-71.35325385702488,-71.31636646362863,-71.27936888196558,-71.24226211452799,-71.20504717456024,-71.16772508632698,-71.13029688524976,-71.0927636168942,-71.05512633657948,-71.01738611009223,-70.97954401397554,-70.94160113493083,-70.90355856935246,-70.86541742318894,-70.82717881201137,-70.7888438610547,-70.75041370549869,-70.71188949071684,-70.67327237188273,-70.63456351462888,-70.59576409522393,-70.55687529959727,-70.51789832291476,-70.4788343694653,-70.43968465284966,-70.4004503961582,-70.36113283262937,-70.32173320623511,-70.28225277118976,-70.24269279157812,-70.2030545416626,-70.16333930671651,-70.12354838332922,-70.08368307979703,-70.04374471668902,-70.00373462705525,-69.96365415678967,-69.92350466514895,-69.88328752569296,-69.84300412754015,-69.80265587676672,-69.76224419743446,-69.721770532836,-69.68123634731256,-69.64064312833501,-69.59999238889898,-69.55928567029214,-69.51852454530227,-69.47771062194643,-69.43684554781619,-69.39593101523309,-69.35496876752572,-69.3139606059562,-69.27290839769478,-69.23181408518477,-69.19067969716865,-69.14950736202356,-69.10829932340148,-69.06705795854894,-69.0257858000732,-68.9844855607192,-68.94316016154225,-68.90181276440961,-68.86044680820066,-68.81906604776215,-68.77767459358205,-68.73627694825507,-68.69487803279985,-68.65348319129427,-68.61209815572197,-68.5707289444907,-68.52938165944238,-68.48806214210033,-68.44677545960181,-68.4055252263538,-68.36431283596167,-68.32313676672992,-68.28199218965818,-68.24087108942977,-68.19976297397119,-68.15865604026958,-68.1175384939711,-68.07639968707163,-68.03523085014129,-67.99402537096937,-67.95277871164855,-67.91148811346065,-67.75411463346816,-67.37303654440953,-66.8940410373831,-66.43473588221028,-65.99544929758305,-65.57631484279973,-65.17732951682427,-64.7983930084901,-64.43933408127762,-64.0999283974296,-63.77991074531771,-63.47898365228828,-63.19682368274604,-62.93308626181901,-62.68740956176214,-62.459417790460925,-62.24872409309942,-62.054933195033875,-61.87764386025034,-61.71645120519764,-61.570948885681744,-61.44073116065629,-61.32539482842503,-61.224541026207206,-61.13777688202837,-61.06471700768408,-61.004984822522644,-60.958213699603164,-60.924047928109744,-60.9021434885182,-60.89216863974834,-60.893804320262745,-60.906744367693896,-60.93069556402457,-60.96537751556009,-61.010522378884374,-61.065874445665905,-61.13118960057117,-61.20623466765403,-61.29078666143278,-61.384631959457224,-61.487565413525836,-61.59938941685754,-61.71991294447437,-61.84895058382886,-61.98632157233001,-62.13184885789866,-62.28535819802773,-62.446677312044535,-62.61563510037693,-62.79206094361726,-62.97578409306118,-63.1666331631751,-63.36443573512034,-63.56901807903804,-63.78020500128409,-63.997819821207386,-64.22168448040104,-64.45161978564194,-64.68744578499069,-64.9289822747764,-65.17604943346748,-65.42846857676162,-65.68603781121284,-65.9485577679499,-66.21586139524908,-66.4877911220235,-66.76419483655879,-67.04492729606565,-67.32985156887013,-67.61884049593738,-67.91177815860524,-68.20856133954528,-68.50910096403894,-68.81332350858564,-69.12117236354658,-69.43260913583653,-69.7476148764376,-70.06619121552002,-70.38836138498299,-70.71416585109205,-71.0436260928304,-71.37680127757251,-71.71382199934828,-72.0548165429613,-72.39980047128779,-72.74877081866443,-73.10189360653752,-73.45942784609632,-73.82162739411176,-74.18877839180675,-74.56120230684832,-74.9392097514341,-75.32306254648641,-75.71294359344614,-76.10895608713618,-76.5112124752759,-76.91981821603024,-77.33476782666638,-77.75584750547738,-78.18281027919072,-78.61541752587364,-79.05330778313653,-79.49593695871772,-79.94259750206082,-80.39257137401138,-80.84509578327722,-81.29909853896396,-81.75342903751863,-82.20725181689814,-82.65986013068115,-83.11036810735254,-83.55759706222297,-84.00032241958931,-84.43757885201136,-84.86851148767664,-85.29244884827092,-85.70882685928768,-86.11688387403763,-86.51608843730774,-86.90648074256829,-87.2877555033703,-87.65948927215659,-88.02196230548246,-88.37558160652614,-88.7206128122743,-89.05715097366313,-89.38532856727315,-89.70528663171879,-90.01703604111728,-90.32053876662104,-90.61575583101053,-90.90275631992652,-91.18161347390422,-91.45241028571851,-91.7151800704473,-91.96986742802422,-92.21642202771892,-92.45497908771046,-92.68585180103277,-92.90936612462657,-93.12577634275341,-93.33508689503498,-93.5374220960985,-93.73317311285567,-93.92246626947089,-94.10475660321438,-94.27954105675731,-94.44692429754484,-94.60742234329041,-94.76128004560282,-94.90828891471946,-95.04790937295967,-95.17965251702577,-95.3034937613851,-95.41923077487144,-95.52663625484841,-95.62591345447333,-95.71741554628858,-95.80147936399702,-95.87851046304583,-95.94824373444986,-96.00990723265174,-96.06358532615705,-96.110047346391,-96.14949044276881,-96.18180751749048,-96.20710478130884,-96.22569640774596,-96.237806693576,-96.24343361228622,-96.24270755139645,-96.23577569976469,-96.22253296148892,-96.20240770714399,-96.17483062569188,-96.13973427584425,-96.09737862170171,-96.04784578036293,-95.99154954761637,-95.92914693420542,-95.860942744034,-95.78672698201947,-95.70592248481115,-95.61843566293663,-95.52429192000919,-95.42339520771132,-95.31588885005188,-95.20172322513304,-95.0808237690397,-94.95332996908832,-94.81925245198526,-94.67865962129198,-94.53162884284737,-94.37832882488202,-94.21919481544934,-94.05469234759873,-93.88494825617657,-93.71021565964759,-93.53079312605956,-93.34679634424778,-93.15839671602681,-92.96579521927366,-92.7693504527571,-92.56938407976637,-92.36600778155189,-92.15873923858803,-91.94704377883801,-91.73083121734186,-91.51028312341616,-91.2856600697702,-91.05719654832808,-90.82529395689697,-90.59039473456806,-90.35274457451305,-90.11238277538044,-89.86932440810378,-89.62359498309718,-89.37514424463326,-89.12382125081075,-88.86960866531555,-88.6123796834995,-88.35180369995874,-88.08801099561711,-87.82145983941575,-87.55239720485714,-87.28085036294519,-87.00652343244082,-86.72917196497508,-86.44898535396175,-86.1663198326553,-85.88168781880316,-85.5953347871058,-85.30727170374958,-85.01780184979005,-84.72728749702303,-84.43602743600387,-84.14429816420396,-83.85198817423338,-83.55875605726844,-83.26451689350765,-82.96934349055621,-82.6731888577024,-82.37587827262936,-82.07755227776207,-81.7786223764649,-81.47943370759386,-81.18005198489116,-80.88033353081555,-80.58011502361559,-80.27922186969882,-79.97768977116367,-79.67570557387558,-79.37344273366278,-79.07100364573694,-78.76852173673679,-78.4660748881657,-78.16353516927984,-77.86078744500807,-77.55767866838275,-77.25417375104738,-76.95034074731086,-76.64622211976504,-76.34204054834785,-76.03804689451826,-75.73451843035745,-75.43171530178961,-75.12970058354725,-74.82853041217847,-74.52834940970622,-74.22909753071286,-73.9305551469804,-73.63280413126054,-73.33603068542601,-73.04020398903971,-72.74532924171405,-72.45149806861642,-72.15888225703237,-71.8675598372576,-71.57756795886684,-71.28908560621583,-71.00226094261038,-70.71713433824475,-70.43362651401847,-70.15168567600418,-69.87127876723007,-69.592232222927,-69.31445364824148,-69.03805719505766,-68.76317923784846,-68.48986337347702,-68.21801963661572,-67.94756048510959,-67.6784122073921,-67.4105715486773,-67.14408932365153,-66.8789545296944,-66.61513904720796,-66.35261587639712,-66.09140403752592,-65.83153890714867,-65.57302567073651,-65.31577417956215,-65.05970438312643,-64.80472862811126,-64.55066671575389,-64.29741582933255,-64.04489662655482,-63.79304442968086,-63.541807927891924,-63.291075316035815,-63.04077112932991,-62.79085153697842,-62.5412510247241,-62.29188450173757,-62.04264888611435,-61.793268624720255,-61.543465119612165,-61.29304430784746,-61.04181836201465,-60.789668551141084,-60.5364532179661,-60.28197874172661,-60.02596757110611,-59.76815650492053,-59.50832602473111,-59.246224904270996,-58.98157030017536,-58.71395100680313,-58.44286559117424,-58.16790289947607,-57.888641381482095,-57.60458769574272,-57.315264296363374,-57.02017180454327,-56.718746995434515,-56.4103588451967,-56.09430323887526,-55.76979624896964,-55.43596584870777,-55.09184187325,-54.736343984041014,-54.368267323628764,-53.98626546721129,-53.58883017891453,-53.174267360273404,-52.74066842915267,-52.28587618119401,-51.80744395229217,-51.30258660607649,-50.76812149756715,-50.20039709089885,-49.59520630705303,-48.94768091147129,-48.252162277576815,-47.502042628585535,-46.68956930815417,-45.80560270233691,-44.839316089751584,-43.77782294522871,-42.605714202324314,-41.3044851018308,-39.85182948037682,-38.22078073669229,-36.37868739141295,-34.2860352009909,-31.89518256644054,-29.149190124548063,-25.98115060239358,-22.314848311738913,-18.06832103838655,-13.163042100089022,-7.542721931075239,-1.2058108651566046,5.748575019758688,13.074486062167718,20.365583452798607,27.114821509573982,32.85377992081746,37.3064426646002,40.45733601671292,42.49661812045561,43.70105521473556,44.33340823202561,44.59538324584262,44.62301206889335,44.50082760859196,44.278807829937605,43.98571982908868,43.638025637026495,43.24523637670872,42.81300759512935,42.34487378886118,41.843206471729616,41.309741566176,40.74587060678824,40.15280256059978,39.531654295835665,38.883501191386664,38.209405084204626,37.51042906696254,36.78764449815228,36.042133321990356,35.27498753934176,34.48730695860083,33.68019594027053,32.85475959901182,32.01209977105677,31.153310954153724,30.27947635991253,29.391664172114627,28.490924071930493,27.578284067589003,26.6547476490615,25.72129127592061,24.77886219747216,23.828376597674012,22.870718052634842,21.906736285179335,20.93724619874244,19.963027171463235,18.984822590597684,18.003339607110803,17.019249090427707,16.033185763726575,15.04574850077328,14.057500766066113,13.06897118093311,12.080654199162616,11.09301087671805,10.10646972106234,9.12142760657344,8.138250743450508,7.157275688374644,6.178810385984975,5.203135230949473,4.23050414104043,3.26114563215967,2.2952638866923865,1.3330398068959686,0.37463204524844873,-0.5798219962117974,-1.5302052055277153,-2.476419847533471,-3.4183867059397803,-4.356044289422699,-5.289348110756584,-6.218270048524314,-7.142797801495432,-8.062934446365425,-8.978698110174093,-9.890121769339755,-10.797253187826044,-11.700155007463254,-12.598905003835732,-13.49359652187927,-14.384339103363464,-15.271259320945013,-16.15450183185295,-17.034230662921917,-17.91063073791125,-18.783909656474705,-19.654299732185855,-20.5220602946755,-21.38748025820577,-22.250880955901145,-23.112619235930097,-23.973090810242653,-24.832733843899906,-25.692032769312185,-26.55152230170657,-27.411791626494626,-28.273488723581195,-29.137324782793062,-30.00407865240969,-30.87460124769122,-31.74981982636253,-32.6307420115908,-33.518459401025105,-34.41415056384987,-35.31908316607958,-36.234614879344896,-37.16219263617546,-38.103349671451085,-39.05969963356427,-40.03292686774027,-41.024771750869704,-42.03700971333137,-43.071422305248035,-44.12975837141598,-45.21368311645583,-46.32471263277292,-47.46413139108886,-48.632890355238864,-49.83148393286386,-51.05980512585345,-52.31698020951126,-53.601187322941215,-54.909467676810074,-56.23754367638773,-57.579664885227004,-58.92850949450237,-60.27517420212725,-61.609286825724006,-62.919270668275416,-64.19277513931365,-65.41726277985256,-66.58071135728898,-67.67235790125721,-68.68338937779984,-69.60748166627228,-70.44110906970775,-71.18358704915767,-71.83685975885297,-72.40508678749725,-72.89410903372897,-73.31087790308189,-73.66291860000851,-73.95787513822819,-74.20315999032445,-74.40571083008409,-74.57184316290281,-74.70718063183726,-74.81664305317503,-74.90447378277062,-74.97429117824623,-75.02915256010816,-75.07162244437933,-75.10383961905166,-75.12757979334441,-75.14431212952076,-75.1552490050086,-75.16138900028568,-75.16355352079835,-75.16241767540409,-75.15853609966297,-75.15236440982845,-75.14427694352669,-75.13458138050869,-75.12353075943321,-75.11133333535297,-75.09816064951806,-75.08415413217072,-75.06943050464693,-75.05408620351925,-75.03820099420197,-75.02184092370145,-75.00506074188988,-74.98790588340428,-74.97041409220786,-74.95261675172969,-74.93453998129677,-74.91620554346954,-74.89763159810705,-74.87883330683069,-74.85982332865655,-74.84061225230336,-74.82120894078207,-74.80162080533889,-74.7818540493162,-74.76191386911206,-74.74180461626334,-74.72152992717827,-74.70109282751412,-74.68049583385394,-74.65974104238012,-74.6388301957405,-74.61776473636614,-74.59654585757299,-74.57517453853625,-74.55365157336773,-74.53197760376153,-74.5101531514259,-74.488178637867,-74.46605439726684,-74.4437806898216,-74.42135770884707,-74.39878559305934,-74.37606443898711,-74.35319430458524,-74.33017521907341,-74.30700719838701,-74.28369024500022,-74.26022434453965,-74.23660947067955,-74.21284558536964,-74.18893263451027,-74.16487055429886,-74.14065927510715,-74.1162987185571,-74.0917887987479,-74.06712942624986,-74.04232052121036,-74.01736201834052,-73.99225386405473,-73.96699601615302,-73.94158843867898,-73.91603110064158,-73.89032397534628,-73.86446704385583,-73.8384602979998,-73.81230373460679,-73.7859973536142,-73.75954116155806,-73.73293517263672,-73.70617941121728,-73.67927391490413,-73.65221873663782,-73.62501394595635,-73.5976596230133,-73.57015585400761,-73.54250273679921,-73.51470038399442,-73.48674892059223,-73.45864848187006,-73.43039921343339,-73.40200127657603,-73.37345485040703,-73.34476013085933,-73.31591732883773,-73.2869266683896,-73.25778838791493,-73.22850274087695,-73.19906999398489,-73.16949042782802,-73.13976433976266,-73.10989204105356,-73.07987385558386,-73.0497101217297,-73.01940118785085,-72.9889474107079,-72.95834915720279,-72.92760680699179,-72.896720753262,-72.86569140039842,-72.83451916366444,-72.80320447241338,-72.7717477718244,-72.74014951966035,-72.70841018512158,-72.67653025213244,-72.64451022012166,-72.61235060129607,-72.5800519195952,-72.5476147107918,-72.5150395231105,-72.48232691774764,-72.44947746914505,-72.41649176554033,-72.38337040850206,-72.3501140136906,-72.31672321024625,-72.28319863982149,-72.24954095673829,-72.21575082853427,-72.18182893705844,-72.1477759778221,-72.11359265941451,-72.07927970406105,-72.04483784804954,-72.01026784329807,-71.97557045765241,-71.94074647107634,-71.90579667403455,-71.87072186832518,-71.83552286762789,-71.80020049825755,-71.76475559824809,-71.72918901744438,-71.6935016187586,-71.65769427745767,-71.62176788160401,-71.58572333233447,-71.5495615415617,-71.51328343086531,-71.47688993191507,-71.44038198735956,-71.40376055157704,-71.36702659058794,-71.33018108116296,-71.2932250105051,-71.25615937669669,-71.21898518889266,-71.18170346693947,-71.14431524164273,-71.10682155490413,-71.06922345870937,-71.03152201473829,-70.9937182950754,-70.95581338250152,-70.9178083699021,-70.87970435980353,-70.84150246423641,-70.80320380480647,-70.76480951273889,-70.72632072916278,-70.68773860536444,-70.64906430239886,-70.61029899174753,-70.57144385550374,-70.53250008541285,-70.49346888245704,-70.45435145675103,-70.41514902774139,-70.37586282439634,-70.33649408587476,-70.29704406212502,-70.25751401341688,-70.21790520999453,-70.17821893240696,-70.13845647236458,-70.09861913307552,-70.05870822967513,-70.01872508983227,-69.97867105400347,-69.93854747584898,-69.8983557228127,-69.85809717713293,-69.81777323717765,-69.77738531893628,-69.73693485715918,-69.69642330673202,-69.65585214464107,-69.61522287222705,-69.57453701778203,-69.53379613955386,-69.49300182923268,-69.4521557160082,-69.41125947130195,-69.37031481437981,-69.32932351916973,-69.28828742182814,-69.24720842947205,-69.20608853043933,-69.16492980637031,-69.12373444678165,-69.08250476614961,-69.04124322389274,-68.99995244801943,-68.95863526198444,-68.91729471506251,-68.87593411700252,-68.83455707602724,-68.79316753869311,-68.75176982866262,-68.71036867898881,-68.66896924868723,-68.62757710871138,-68.58619817474778,-68.54483855528689,-68.50350427634966,-68.46220084621409,-68.42093264586784,-68.37970218463695,-68.33850934380652,-68.29735081485025,-68.25621996599048,-68.21510728844996,-68.17400138740723,-68.13289027917334,-68.09176265256535,-68.05060880466239,-68.00942112178201,-67.96819414329335,-67.92692434276901,-67.76901865913973,-67.5031155218346,-67.13085967997176,-66.66129052186612,-66.21165693006182,-65.78216954148769,-65.3728792396315,-64.9837240710661,-64.6145607909155,-64.26518608009846,-63.935350966050606,-63.62477083539136,-63.333132616412215,-63.06010015696675,-62.80531845624994,-62.568417168558696,-62.349013640958105,-62.146715645688104,-61.96112390279218,-61.79183444626749,-61.63844085994923,-61.500536392183925,-61.37771594779869,-61.26957794978859,-61.17572606010782,-61.09577074801308,-61.0293306949144,-60.976034026174815,-60.93551936242691,-60.9074366854879,-60.891448016663645,-60.88722790798831,-60.89446374963918,-60.912855899311346,-60.94211764167532,-60.981974988130816,-61.0321663288887,-61.09244195094875,-61.16256343679396,-61.242302959600195,-61.33144249147755,-61.42977294173412,-61.53709324240434,-61.65320939833284,-61.777933518970144,-61.9110828487367,-62.05247881236199,-62.20194609101847,-62.35931174435579,-62.52440439270676,-62.697053472787864,-62.87708857915788,-63.0643389025304,-63.258632774764536,-63.45979732898428,-63.66765828180917,-63.882039843123096,-64.10276475717745,-64.32965447713346,-64.56252947341623,-64.80120967450279,-65.04551503702498,-65.29526624036573,-65.55026075552091,-65.81029802824212,-66.07520869510313,-66.34483220174997,-66.61901284489085,-66.89760114837836,-67.18045528016219,-67.46744249668397,-67.75844060143604,-68.05333940453893,-68.35204217028665,-68.65446703961045,-68.96054841423346,-69.27023828880866,-69.58350751639816,-69.90034699107518,-70.2207687289921,-70.54480682570909,-70.87251294495425,-71.20391955106334,-71.53909715473266,-71.87816466551469,-72.22118193291041,-72.56816639969132,-72.91922527071006,-73.27458747953557,-73.63451683345974,-73.99926684414311,-74.36912219840133,-74.74440105877636,-75.12540751661322,-75.51236769056823,-75.90540910712888,-76.3046489220664,-76.71017429369235,-77.12199998165816,-77.54003611083621,-77.9640848129465,-78.39395295681811,-78.82935112171862,-79.26979963305094,-79.71465987877657,-80.16322203477989,-80.61472359171428,-81.06816724828461,-81.5224062823003,-81.97652348178458,-82.42980983447374,-82.88147102471882,-83.3304401530335,-83.77540291785537,-84.21541004509207,-84.64955810029943,-85.07695622683363,-85.49711527383661,-85.90947836153384,-86.31339947742762,-86.7085003135804,-87.09472054128302,-87.47177781512724,-87.83938993843286,-88.19767393833143,-88.54710839247092,-88.88806375944387,-89.22055697336084,-89.54473299970782,-89.86066758668353,-90.16840119124271,-90.4678452793976,-90.7589251859346,-91.04189047626555,-91.31688670581994,-91.58383671252034,-91.84267157321898,-92.09360741394143,-92.33664726396428,-92.57170397922849,-92.79913588025474,-93.01922878697124,-93.23218959946983,-93.43817425987358,-93.63720737453292,-93.82956718002805,-94.01518608184595,-94.19338967061347,-94.36413344880471,-94.52793949612935,-94.68514311530352,-94.83583837351952,-94.97975451267824,-95.11623705243348,-95.24468839144605,-95.36497240921508,-95.47709370013858,-95.58099559560213,-95.67673409750891,-95.76466750927337,-95.84523407229743,-95.91864713350614,-95.98435209463261,-96.04192409320605,-96.09190572111247,-96.1346352363016,-96.17024341436422,-96.19881978345175,-96.22049780280857,-96.235712571496,-96.24456598212146,-96.2469115209589,-96.24299957321182,-96.23298615178014,-96.21631583037207,-96.19257120561974,-96.1614720501276,-96.12279421962356,-96.07694134525306,-96.02435935393412,-95.96514807690795,-95.89954722380232,-95.8281423763399,-95.7507687876399,-95.66682858396888,-95.57602176391816,-95.47846144806064,-95.37445599163235,-95.26369202135997,-95.14581798120182,-95.02108514887543,-94.88990227549499,-94.75235141171238,-94.6083446904417,-94.45797632613446,-94.30144426019001,-94.13912950636549,-93.97160997097775,-93.7991509935788,-93.62171311047358,-93.43964890781828,-93.25340447499248,-93.06310055607705,-92.86878063142969,-92.67061086934926,-92.46881035798116,-92.26333963172523,-92.0538401431852,-91.83983973291164,-91.62124124353956,-91.39837622214606,-91.17176899773915,-90.94173786656826,-90.70857269228803,-90.47264019672083,-90.23405024407161,-89.99265648299945,-89.74834182270683,-89.50129270012233,-89.25144672010688,-88.99869614156597,-88.74297944556454,-88.4839953209119,-88.22165259371475,-87.95625413321129,-87.68810939964263,-87.41740075087854,-87.14404563891101,-86.86783439714034,-86.58882826538101,-86.3072179491258,-86.02335072655525,-85.73766454566297,-85.45041466955789,-85.16174285760177,-84.87192807215135,-84.58123280508707,-84.28980736610164,-83.99783776769252,-83.70524212508741,-83.41171415577546,-83.11728364337637,-82.82199239184736,-82.5254874846988,-82.22776047758227,-81.92920574097033,-81.63017688429996,-81.33093386324161,-81.03135848082889,-80.73118448015194,-80.43037454229034,-80.12904836890516,-79.82724716659352,-79.52514765313329,-79.22287549467066,-78.92038891708219,-78.61782660975764,-78.31527080501756,-78.01253880444936,-77.70943289313189,-77.40596262088907,-77.10224052855793,-76.79821824016312,-76.49397083736353,-76.18975993723213,-75.88588359944866,-75.58265257321095,-75.28025194821227,-74.97877268556928,-74.67822923615267,-74.37860054345508,-74.07982809994952,-73.78185076248681,-73.48479795330934,-73.18876162865385,-72.89360068704464,-72.59930039273817,-72.30606897365047,-72.01410047790243,-71.72344203063865,-71.43419343809069,-71.14653615849173,-70.86060006034333,-70.57641049559496,-70.29387584650235,-70.01292558444716,-69.7334031033151,-69.45510940714088,-69.17808979249335,-68.90250466876438,-68.62847654497169,-68.35603752443657,-68.08504755403139,-67.81537156669334,-67.54698500902866,-67.27993080666702,-67.01424968352568,-66.74992212713494,-66.48691277306821,-66.22518838720991,-65.96476254793552,-65.70565699849193,-65.44779552542104,-65.19110992070456,-64.93552268894206,-64.68086241403775,-64.42703401996165,-64.17396508118138,-63.921597200196594,-63.6698848731466,-63.41872173783787,-63.16803755386299,-62.91779359519601,-62.667929399976586,-62.418364952734116,-62.16900233790206,-61.91957127385901,-61.66979864660642,-61.41949619254231,-61.16848222820202,-60.91664460001934,-60.663848693306974,-60.40990845193038,-60.15455447218179,-59.897532395242955,-59.63863234794089,-59.37761362581675,-59.11420489648423,-58.848063809728316,-58.578721576393065,-58.305712151165004,-58.028600362210064,-57.746916791528825,-57.4602090717776,-57.16800471756152,-56.86976958313377,-56.5649044302026,-56.25274020802193,-55.93253197315084,-55.603451332870144,-55.26457724878086,-54.914884983498396,-54.55323291115914,-54.17834683873532,-53.788801396297785,-53.38299794586175,-52.95913832459718,-52.515193571725376,-52.0488665800689,-51.557547351051106,-51.03825920064482,-50.48759384371385,-49.901632750321774,-49.275851488210755,-48.60500290130133,-47.88297387679893,-47.10260906763114,-46.25549320296578,-45.331681484874174,-44.31936501271127,-43.20445526067154,-41.970068607855474,-40.59588942442487,-39.05738967220746,-37.32488731602224,-35.36244087001851,-33.12661430349432,-30.565226368155077,-27.61635990166052,-24.20821783146659,-20.26098043148137,-15.692763490338848,-10.43306849999628,-4.44806870440138,2.2195418212597957,9.401664743027949,16.769761454686776,23.853860798681453,30.14560275730379,35.257192729556934,39.04299589075699,41.603801807119524,43.18852848954857,44.07626915723142,44.501804819304205,44.63277158283782,44.577159878415635,44.40019990019749,44.13983859281753,43.81781601030814,43.44659995888293,43.03347997656423,42.582888198958955,42.0976879052078,41.57988332170853,41.03101071177488,40.45235496800075,39.84507037632386,39.21024822612565,38.54895447744831,37.86225023232895,37.15120212323783,36.416886675186895,35.660391017711774,34.88281138121855,34.08525027110098,33.26881289262221,32.43460320325653,31.58371984455513,30.717252123666643,29.836276159052616,28.941851266203702,28.03501663160551,27.116788303305636,26.188156511936086,25.25008332544711,24.303500633080127,23.349308448522955,22.388373518227315,21.421528218140903,20.449569720326714,19.473259409892666,18.493322532166392,17.510448049993414,16.525288691308912,15.538461167651757,14.550546544989142,13.562090749047082,12.573605188252714,11.58556747835257,10.598422253746257,9.612582051543184,8.62842825528887,7.646312086200697,6.6665556305848765,5.689452892865528,4.715270864332177,3.744250598295702,2.7766082828277505,1.8125363026398404,0.8522042819312127,-0.10423989980264525,-1.0566691269576962,-2.004976110021916,-2.949072498973349,-3.8888880563317403,-4.824369898688038,-5.755481815990328,-6.682203678391983,-7.604530941050371,-8.522474257881763,-9.43605921590312,-10.345326202395478,-11.250330417670746,-12.1511420466763,-13.047846603474072,-13.94054546082741,-14.829356579688397,-15.714415451931606,-16.595876268523554,-17.47391332470422,-18.34872267237448,-19.22052402811859,-20.08956294313667,-20.95611323882065,-21.82047970878768,-22.68300108542975,-23.54405326357242,-24.40405277144728,-25.26346047569796,-26.12278549953649,-26.982589327994848,-27.843490069244787,-28.706166831109236,-29.571364161095918,-30.439896485116172,-31.312652462723698,-32.19059915376563,-33.07478585394633,-33.96634742592998,-34.866506898169526,-35.77657702779031,-36.69796044247991,-37.63214786590304,-38.580713789940475,-39.54530879233718,-40.5276474923103,-41.52949090881558,-42.552621720277585,-43.598810635023284,-44.66977178701988,-45.767104824640896,-46.89222120910354,-48.0462522642497,-49.22993685144446,-50.44348737369394,-51.68643433473277,-52.95745216714326,-54.25417271695445,-55.572997729193496,-56.908927879608775,-58.255432721541844,-59.60439214187241,-60.94614360672845,-62.26966788474299,-63.56293623625701,-64.81342251928271,-66.0087551461423,-67.13745107237317,-68.18964571711669,-69.15771915979141,-70.03672764989953,-70.8245810313354,-71.52195313275482,-72.13195976866798,-72.65967416227025,-73.1115644282688,-73.49493233702344,-73.81741320739647,-74.08657192647452,-74.3096069930878,-74.49315731165348,-74.64319623370473,-74.76499324796357,-74.8631238537019,-74.9415106811695,-75.0034824509879,-75.05184091740594,-75.08892904690182,-75.11669616623367,-75.13675768547768,-75.15044827396129,-75.15886819104952,-75.16292301238087,-75.16335729162354,-75.16078281849119,-75.15570216468235,-75.14852819811362,-75.13960019221507,-75.12919708248982,-75.11754835057513,-75.1048429402664,-75.09123655554069,-75.07685763245239,-75.06181222940594,-75.04618802162976,-75.03005756490053,-75.01348097067414,-74.99650809519383,-74.97918033312604,-74.9615320857029,-74.94359196994439,-74.92538381829885,-74.90692750826778,-74.88823962861976,-74.86933402564782,-74.85022227711374,-74.83091407098719,-74.81141750743954,-74.7917393658689,-74.77188532493552,-74.75186014037318,-74.73166778772561,-74.71131157745585,-74.69079426555842,-74.6701181496782,-74.64928514213081,-74.62829682831389,-74.60715452206897,-74.58585930421391,-74.56441205458057,-74.54281348714457,-74.52106418457794,-74.49916461975872,-74.4771151701171,-74.45491613220952,-74.43256772981401,-74.41007012708985,-74.38742344173868,-74.36462774922897,-74.34168309317062,-74.31858950121693,-74.29534698524945,-74.27195553831343,-74.24841513981579,-74.22472575594743,-74.20088733551142,-74.17689981647106,-74.1527631299953,-74.12847719766262,-74.1040419327871,-74.07945724450869,-74.05472305103454,-74.02983928470448,-74.0048058891573,-73.979622819026,-73.95429003482305,-73.92880750172006,-73.90317518890055,-73.87739307306347,-73.85146114147658,-73.82537938620311,-73.79914780221023,-73.77276639088677,-73.74623516113772,-73.7195541319138,-73.69272333530448,-73.66574281867244,-73.63861264591786,-73.61133289146855,-73.58390363569913,-73.55632497056405,-73.52859700270201,-73.50071985109616,-73.47269364495456,-73.44451852375606,-73.4161946426314,-73.3877221744937,-73.35910130904222,-73.33033225090966,-73.30141521783672,-73.27235044188453,-73.24313817015681,-73.21377866298539,-73.18427219456599,-73.15461905585599,-73.12481955170313,-73.09487399955424,-73.06478273133055,-73.03454608889497,-73.00416442247271,-72.97363809240358,-72.94296747175339,-72.91215294709238,-72.88119491617962,-72.85009378765447,-72.81884998426064,-72.7874639445799,-72.75593611977209,-72.72426697243255,-72.69245697988077,-72.66050663493365,-72.62841644318148,-72.59618692195556,-72.56381860043486,-72.53131202026627,-72.49866773608598,-72.46588631579162,-72.4329683410936,-72.39991440704951,-72.36672512283019,-72.33340111110526,-72.29994300707033,-72.26635145860813,-72.23262712684445,-72.19877068725154,-72.16478282899503,-72.13066425434663,-72.09641567924746,-72.06203783373364,-72.02753146350241,-71.99289733021305,-71.95813620767264,-71.92324888021578,-71.88823614354091,-71.85309880526346,-71.81783768567863,-71.78245361684274,-71.74694744266239,-71.71132002015969,-71.67557221875968,-71.63970492073082,-71.60371902145869,-71.56761542714077,-71.53139505368063,-71.49505882711404,-71.458607684504,-71.42204257469483,-71.38536445822258,-71.34857430642032,-71.31167310109939,-71.27466183499791,-71.23754151197484,-71.20031314662936,-71.16297776456895,-71.12553640254619,-71.08799010744613,-71.05033993589593,-71.01258695497903,-70.97473224252433,-70.93677688650854,-70.8987219845912,-70.86056864397644,-70.82231798148186,-70.78397112358061,-70.74552920668305,-70.7069933773866,-70.66836479208312,-70.62964461761906,-70.59083403147396,-70.55193422078668,-70.5129463819329,-70.47387172041375,-70.43471145104678,-70.39546679814629,-70.35613899618468,-70.31672929038125,-70.27723893621472,-70.23766919905574,-70.19802135447878,-70.15829668910091,-70.11849650089319,-70.07862209957875,-70.0386748072068,-69.99865595837021,-69.95856690057917,-69.9184089947924,-69.87818361637177,-69.83789215635403,-69.79753602286884,-69.75711664218856,-69.71663545999891,-69.67609394324623,-69.63549358225306,-69.59483589315347,-69.5541224207076,-69.51335474156507,-69.47253446805935,-69.43166325262983,-69.3907427930679,-69.34977483890125,-69.30876119844717,-69.26770374693729,-69.22660443606004,-69.1854653051963,-69.14428849500108,-69.10307626333132,-69.06183100389858,-69.02055526841467,-68.97925179179168,-68.93792352076927,-68.89657364687494,-68.8552056430341,-68.81382330279104,-68.77243077994231,-68.7310326243901,-68.68963380685886,-68.64823972031982,-68.60685613916041,-68.56548910854575,-68.52414472795044,-68.4828287897158,-68.44154624540563,-68.40030051180499,-68.35909270031595,-68.31792094251718,-68.27678004419239,-68.23566166960522,-68.19455511119008,-68.15344848982569,-68.112330071632,-68.07118937117922,-68.03001783502765,-67.98880907558505,-67.94755875775789,-67.90626428932471,-67.74897488818914,-67.36816897693211,-66.88960764809737,-66.4308430033473,-65.99217547818657,-65.57371868510144,-65.17545507063953,-64.79727346368276,-64.43899430534111,-64.10038670223696,-63.781180143863736,-63.48107277879284,-63.19973748979753,-62.93682656847769,-62.69197550044806,-62.46480618346105,-62.254929778506394,-62.06194931478384,-61.88546211829595,-61.72506210085471,-61.58034192525776,-61.45089504924277,-61.33631764297674,-61.236210370586214,-61.15018002445587,-61.07784100094987,-61.018816607302426,-60.97274019129468,-60.939256087695775,-60.918020378081394,-60.90870146338685,-60.9109804512778,-60.92455136303551,-60.94912116708403,-60.98440964848639,-61.03014912567386,-61.08608402733023,-61.15197034372772,-61.22757496790619,-61.31267494291542,-61.40705663191652,-61.51051482828297,-61.62285182297418,-61.74387644639435,-61.87340310171689,-62.01125080626399,-62.157242256998806,-62.31120293552282,-62.472960267184014,-62.64234284799737,-62.81917975206335,-63.003299931045156,-63.19453171603556,-63.39270243081178,-63.597638124048004,-63.80916342653659,-64.02710153787099,-64.25127434537976,-64.48150267638907,-64.71760668315271,-64.95940635804804,-65.20672217492371,-65.45937585082956,-65.71716591517847,-65.97989354280477,-66.2473924525453,-66.51950597867757,-66.79608303254744,-67.07697951374591,-67.36205975263428,-67.65119797099567,-67.94427974776887,-68.24120347695457,-68.54188180483727,-68.8462430335702,-69.1542324778174,-69.46581376040231,-69.780970031601,-70.09970509463655,-70.4220444168432,-70.74803073671288,-71.0776877425478,-71.4110768543401,-71.74833101403648,-72.08958074925877,-72.43484347528626,-72.78411785132252,-73.13757166358265,-73.4954655913326,-73.85805476188735,-74.22562617569777,-74.59850164823717,-74.97699140530435,-75.36135593317626,-75.75177564755708,-76.14834997848213,-76.55118642250349,-76.96038420502909,-77.37593010645189,-77.79760099023989,-78.22513951519288,-78.65829607824719,-79.09669779553364,-79.53978918920846,-79.98685202726719,-80.43715918465516,-80.88994085405658,-81.34411997746192,-81.79854375626745,-82.25237761881749,-82.70491824660152,-83.15528505143126,-83.60230597779899,-84.04476414305438,-84.4817026067311,-84.9122750214422,-85.33581819934969,-85.75177582470408,-86.1593932089188,-86.55814509962622,-86.94807716653658,-87.32888872259045,-87.700160107352,-88.06217476685686,-88.41534228455349,-88.759930317704,-89.09603546526543,-89.42379136611075,-89.74333990523667,-90.05469253082195,-90.35781156881384,-90.65265821651799,-90.93930159070537,-91.21781484786143,-91.48828080295955,-91.75073252384482,-92.00511430479371,-92.25137546468554,-92.4896508351122,-92.72025320428624,-92.94350811278802,-93.15966942589502,-93.36874116499051,-93.57084721878078,-93.76637833285679,-93.95546042614859,-94.13754814558254,-94.31213803032108,-94.47933433964135,-94.63965268932108,-94.79333755980154,-94.94018010436699,-95.07964040321254,-95.21122920313853,-95.33492156919806,-95.45051483729085,-95.55778137588037,-95.65692411066607,-95.74829590320745,-95.83223329266035,-95.90914155613895,-95.97875534024475,-96.04030246044078,-96.0938670246527,-96.14021811060961,-96.17955265112884,-96.21176334158054,-96.23695619162307,-96.2554451776685,-96.26745441884665,-96.27298172230319,-96.27215731463795,-96.26512823264493,-96.25178924360267,-96.23156859483085,-96.20389684570921,-96.16870641315258,-96.12625712046264,-96.07663095963875,-96.0202415953046,-95.95774592058146,-95.88944864145164,-95.81513968728518,-95.73424182382625,-95.64666137466492,-95.55242366195675,-95.45143256013304,-95.3438313134435,-95.22957023350806,-95.10857468983319,-94.98098410290744,-94.84680904082074,-94.70611784902779,-94.55898784093675,-94.40558767175716,-94.24635253602614,-94.08174792082227,-93.91190063284887,-93.7370637576585,-93.557535839444,-93.37343254891316,-93.18492527284418,-92.9922149744684,-92.79566023833661,-92.59558271950526,-92.39209410172737,-92.18471208690882,-91.97290201646032,-91.75657370321426,-91.53590870619108,-91.31116758970336,-91.08258484011054,-90.85056184757788,-90.61554104769905,-90.37776814081171,-90.13728244069192,-89.89409903384973,-89.64824344638912,-89.3996654404367,-89.14821409424351,-88.89387208464427,-88.63651262562581,-88.37580513333589,-88.11187989128624,-87.84519516397262,-87.57599793176344,-87.30431548070322,-87.02985195575677,-86.75236292705259,-86.47203779094805,-86.18923277995275,-85.90446030851147,-85.61796586293183,-85.32976042772428,-85.04014729179579,-84.74948873595625,-84.45808356358368,-84.16620828792469,-83.8737514331249,-83.58037162584606,-83.28598396903921,-82.990661286814,-82.69435660948493,-82.39689523888107,-82.09841772685058,-81.79933557858077,-81.49999393955933,-81.20045854320945,-80.90058573768633,-80.60021222645729,-80.29916343896208,-79.99747509014189,-79.69533403359975,-79.39291373441178,-79.09031660070761,-78.7876760707557,-78.48507004127681,-78.18237060429209,-77.8794626451902,-77.57619313866584,-77.272527010702,-76.96853232704191,-76.66425156239194,-76.35990740234752,-76.05575071522634,-75.75205878040656,-75.44909175470258,-75.1469127337051,-74.84557787508707,-74.54523181983909,-74.2458145521097,-73.94710647884654,-73.64918949415913,-73.35224982030256,-73.05625666800249,-72.7612152670232,-72.4672172709869,-72.17443449398687,-71.88294500076621,-71.59278597797865,-71.30413644379415,-71.01714459991976,-70.73185086259643,-70.4481760059864,-70.16606828947256,-69.88549471115876,-69.60628176973866,-69.32833713089306,-69.0517750010019,-68.77673181213808,-68.50325122698197,-68.23124335509328,-67.96062073130531,-67.6913097237887,-67.42330715686384,-67.15666392647252,-66.89136911786933,-66.62739470402258,-66.36471378138437,-66.10334546845095,-65.84332524391708,-65.58465840136289,-65.32725490909411,-65.0710348363566,-64.81591065484754,-64.56170229877506,-64.30830708443177,-64.05564580681607,-63.80365392942681,-63.552280288207726,-63.30141323318881,-63.050977458727445,-62.8009292985321,-62.551203410976036,-62.301714886170835,-62.05236083177555,-61.80286590107153,-61.55295170885344,-61.30242441135433,-61.05109641020459,-60.79884921316198,-60.54554141704745,-60.29097967327827,-60.034886723557285,-59.77699967699333,-59.517099345166585,-59.25493485771319,-58.99022375597939,-58.72255525615982,-58.45142838444928,-58.17643248067214,-57.897146535379754,-57.613077802944325,-57.323749392236756,-57.028662649455185,-56.727255156868,-56.41889679164882,-56.102884447664046,-55.778435330463424,-55.44467868996252,-55.10064580461999,-54.74525797304222,-54.377312201214956,-53.99546419271156,-53.598208151231475,-53.18385278462025,-52.750492750701724,-52.295974599627286,-51.817856034526834,-51.313357018559486,-50.77930088471641,-50.21204313278974,-49.60738499764594,-48.96046810895347,-48.26564559120584,-47.51632372224901,-46.70476672009921,-45.8218553032917,-44.856787327385355,-43.79670604949496,-42.626238548578065,-41.32692393564158,-39.87650917735108,-38.24809165909634,-36.409096129278595,-34.3200973976511,-31.9335543527645,-29.192633935819252,-26.030527003319463,-22.371078178656848,-18.132290838458182,-13.235410175068104,-7.623575634267337,-1.2941529420888722,5.655416301888526,12.981202341093553,20.27846796802338,27.040265749770718,32.796182187127265,37.26682562685034,40.433613551640434,42.48509755539306,43.69798530376132,44.33582695567936,44.60128340360264,44.631162560014964,44.51052169718641,44.28965739665947,43.99751810958587,43.650664832995055,43.258661052059026,42.82718920417346,42.35979700484056,41.858861914689356,41.32612195396827,40.76296873209204,40.17061024737352,39.55016188755598,38.902697333107206,38.229276670340816,37.53096128446735,36.808820925383195,36.063936060060726,35.29739736182626,34.510303470610594,33.703757740944766,32.87886444334178,32.03672472816875,31.178432560003102,30.305070762929727,29.417707270780486,28.517391643592333,27.605151888089512,26.68199160295914,25.74888745724538,24.806787001092644,23.85660680145703,22.899230890662547,21.93550951235357,20.96625814715573,19.992256798952337,19.014249521920853,18.03294416820611,17.049012336217682,16.063089499936254,15.075775300224672,14.087633979904446,13.099194945228403,12.110953437316574,11.12337129809056,10.136877816215462,9.151870639513813,8.168716741234437,7.187753428424298,6.209289381449283,5.233605714430222,4.260957046992782,3.2915725782673677,2.325657154511443,1.3633923220568671,0.4049373575060814,-0.5495697327890657,-1.500011251933262,-2.446288898456803,-3.388322907343725,-4.326051254732893,-5.25942893531577,-6.188427321945234,-7.113033617525374,-8.033250409853965,-8.949095340713853,-9.860600901129173,-10.767814365284336,-11.670797876112266,-12.569628695952554,-13.464399636418081,-14.35521967965176,-15.242214805669601,-16.125529038874006,-17.005325725490373,-17.881789052913422,-18.755125820390735,-19.625567468525016,-20.49337237274225,-21.358828403154877,-22.222255750158425,-23.084010012185914,-23.94448553637239,-24.80411900032649,-25.66339321950397,-26.522841156711053,-27.38305010465075,-28.244666006843556,-29.10839787146453,-29.975022220543277,-30.845387502022877,-31.720418372422436,-32.60111973167096,-33.488580350035136,-34.383975890844596,-35.28857107149897,-36.20372062089363,-37.13086859989907,-38.07154552906932,-39.027362612622994,-40.00000216771926,-40.991203146078966,-42.002740391912816,-43.03639600320406,-44.09392086940753,-45.17698417533757,-46.287108448536536,-47.425587648523354,-48.59338594786972,-49.79101538890085,-51.01839172879193,-52.27466971963333,-53.558062084713775,-54.865650732918716,-56.19320430582196,-57.5350227588884,-58.883836437410196,-60.230792432957706,-61.56556260130561,-62.87660258583303,-64.15157700117028,-65.37794187527284,-66.54364410432045,-67.63786572785357,-68.65171816285228,-69.57878775470553,-70.41545380503236,-71.16094020361348,-71.81711065023248,-72.38806070966207,-72.87958615437427,-73.29861198755943,-73.65265358750912,-73.9493584373028,-74.19615213309788,-74.39999169272224,-74.5672152909339,-74.70347033729978,-74.81369993866112,-74.90216925727114,-74.97251640912626,-75.02781618510183,-75.07064826313068,-75.10316440123404,-75.12715127959264,-75.14408725925817,-75.15519237776752,-75.16147156046311,-75.16375144670498,-75.16271144941793,-75.15890973543006,-75.15280481345832,-75.14477338773146,-75.13512507306592,-75.12411448986788,-75.11195118613502,-75.09880776025487,-75.08482650719816,-75.07012485607962,-75.0547998232266,-75.03893164935387,-75.02258677150803,-75.00582025996681,-74.98867781285811,-74.97119739107866,-74.95341055687035,-74.93534357712902,-74.91701833634811,-74.89845309526117,-74.87966309904411,-74.86066107600644,-74.8414576724031,-74.82206179907439,-74.80248090707244,-74.78272123290516,-74.76278800063216,-74.74268558488377,-74.72241764136515,-74.7019872118714,-74.6813968264916,-74.66064859271775,-74.6397442626714,-74.61868528672072,-74.59747286483088,-74.57610798174473,-74.55459143623295,-74.53292387388353,-74.51110581965351,-74.48913769775237,-74.46701984460391,-74.4447525222548,-74.42233592553929,-74.39977019440991,-74.37705542639156,-74.3541916802303,-74.33117898576205,-74.30801735938843,-74.28470680392043,-74.26124730521026,-74.23763883706205,-74.21388136147269,-74.18997482431841,-74.16591916171126,-74.14171430388434,-74.11736017227486,-74.09285668075734,-74.06820373964285,-74.04340126878935,-74.01844920259146,-73.99334748712285,-73.9680960798211,-73.94269494434782,-73.91714404931284,-73.89144336760702,-73.86559287986505,-73.83959257747607,-73.81344245681707,-73.78714251736406,-73.76069276518284,-73.73409321399365,-73.70734388767838,-73.68044482334957,-73.65339607344981,-73.62619770701328,-73.59884980368402,-73.57135244914635,-73.54370574074112,-73.51590979055123,-73.48796472304818,-73.45987067297806,-73.43162778541159,-73.40323622110469,-73.37469615862533,-73.34600779336238,-73.31717133567354,-73.28818700905629,-73.25905505135813,-73.22977571548738,-73.20034926759595,-73.17077598771374,-73.1410561726357,-73.1111901330633,-73.0811781923147,-73.05102068819946,-73.02071796850932,-72.99027038943572,-72.95967831731058,-72.92894213121949,-72.89806222377834,-72.8670389988005,-72.8358728709775,-72.80456426909079,-72.77311363774768,-72.7415214341393,-72.70978812689442,-72.6779141993663,-72.64590015041304,-72.61374649167136,-72.58145374651137,-72.54902245013722,-72.51645315020593,-72.48374640734737,-72.45090279543813,-72.41792290215196,-72.38480732849501,-72.35155668956683,-72.31817161394854,-72.28465274273522,-72.25100072969336,-72.21721624180712,-72.1832999603742,-72.14925258035683,-72.1150748097975,-72.08076737037734,-72.0463309978424,-72.01176644357172,-71.97707447487466,-71.94225587118133,-71.90731142242562,-71.87224192987787,-71.83704820669307,-71.8017310786647,-71.76629138330861,-71.7307299699551,-71.69504770100532,-71.6592454512188,-71.6233241081543,-71.5872845724488,-71.55112775551885,-71.51485457845189,-71.4784659724295,-71.44196287961624,-71.40534625391045,-71.36861706085689,-71.3317762767548,-71.29482488833996,-71.25776389323187,-71.22059430012688,-71.18331712841719,-71.1459334084585,-71.10844418170687,-71.07085049970664,-71.0331534237004,-70.99535402533965,-70.95745338697621,-70.91945260107052,-70.88135276972773,-70.84315500456096,-70.80486042676189,-70.76647016714502,-70.72798536643181,-70.68940717550379,-70.6507367550136,-70.61197527604259,-70.57312392028554,-70.53418387909055,-70.49515635304321,-70.4560425518617,-70.41684369459539,-70.37756100981386,-70.33819573627513,-70.29874912352331,-70.25922243141943,-70.21961692979313,-70.17993389877151,-70.14017462963402,-70.10034042514691,-70.06043259999043,-70.02045248136254,-69.98040140923017,-69.94028073674191,-69.90009183080409,-69.85983607308702,-69.81951486135522,-69.7791296109532,-69.7386817559381,-69.69817275044598,-69.65760407064792,-69.61697721699286,-69.57629371679187,-69.53555512720757,-69.49476303872325,-69.45391907917939,-69.41302491848158,-69.37208227418441,-69.33109291827508,-69.29005868469967,-69.2489814780477,-69.20786328375611,-69.16670618012482,-69.12551235281292,-69.08428411183179,-69.04302391142411,-69.00173437359439,-68.96041831483707,-68.9190787763758,-68.87771905868837,-68.83634275940315,-68.7949538131174,-68.75355653025044,-68.71215562962786,-68.67075625572035,-68.62936396586777,-68.58798466518262,-68.54662445788071,-68.5052893765722,-68.46398495257166,-68.42271561182712,-68.38148393370004,-68.3402898924949,-68.29913028614853,-68.25799858632476,-68.21688536562942,-68.17577927372801,-68.13466832942612,-68.09354118775276,-68.05238808858189,-68.01120135197709,-67.96997545341547,-67.92870681161119,-67.88739343855788,-67.73049259557207,-67.35093034696357,-66.87427435436443,-66.41778331515208,-65.98166209804108,-65.56595553599166,-65.17059566246121,-64.79543344503367,-64.44026009529796,-64.10482151756612,-63.7888283082264,-63.49196290007683,-63.21388488840964,-62.95423520478534,-62.712639561509995,-62.488711431988904,-62.28205472993748,-62.09226628434058,-61.91893816436099,-61.76165988094448,-61.620020474432515,-61.49361048672537,-61.382023810272926,-61.284859402984445,-61.20172285708874,-61.13222781038416,-61.07599718972894,-61.032664278696025,-61.00187360379841,-60.983281636387396,-60.976557310088246,-60.981382356351126,-60.99745146327414,-61.02447226523696,-61.06216517302447,-61.11026305599358,-61.16851078942896,-61.23666468154319,-61.31449179560942,-61.40176918348275,-61.4982830472873,-61.603827846337744,-61.7182053664478,-61.84122376867298,-61.972696634258995,-62.11244202213654,-62.26028155473212,-62.41603954716239,-62.57954219405674,-62.750616827313884,-62.92909125704929,-63.11479320683453,-63.30754985307086,-63.50718747698271,-63.71353123626734,-63.926405061904426,-64.14563168402364,-64.37103278906596,-64.60242930877217,-64.83964183981378,-65.08249119117215,-65.33079905469992,-65.5843887926958,-65.84306067521901,-66.10661810246474,-66.37489791909502,-66.64774712417726,-66.92501876509469,-67.2065733544738,-67.49228031336474,-67.7820194277709,-68.07568230578764,-68.37317382270518,-68.67441354141302,-68.97933709523075,-69.28789751977097,-69.60006651946225,-69.91583565274505,-70.23521741748229,-70.55824621455555,-70.88497384873573,-71.21543279713757,-71.54969342367927,-71.8878979787508,-72.23018584634727,-72.5765816910013,-72.9270904535588,-73.28188669788875,-73.64123741628187,-74.00540236447117,-74.37467142689657,-74.74936714537189,-75.12979740278686,-75.51621640451434,-75.90879354339843,-76.30761199725151,-76.71275817988487,-77.12430508692671,-77.54220731380347,-77.96620329772341,-78.3959934030108,-78.83128366242977,-79.27165557848743,-79.71650881713843,-80.16508374319294,-80.61661878680417,-81.0703184410916,-81.52508887448991,-81.97977128060809,-82.43353721611564,-82.88569928369823,-83.33539980576758,-83.78149454064477,-84.22279816816257,-84.65838757848691,-85.0874504057726,-85.50935621480427,-85.92357910468354,-86.32939149627127,-86.726292168642,-87.11434790060251,-87.49327565975008,-87.86267025794348,-88.22282727440242,-88.57416606513785,-88.91696189719615,-89.25131716152352,-89.5773698092887,-89.89526482888593,-90.20501573317242,-90.5065860776431,-90.79993760370489,-91.08513942755658,-91.3622642690341,-91.63139415260633,-91.8925610959319,-92.14570812501107,-92.39078312332354,-92.62791935074853,-92.85742795693632,-93.07963280376083,-93.29478607255356,-93.50289010973394,-93.7040671011307,-93.89870610774,-94.0869314316769,-94.26819616956506,-94.44199526007466,-94.60843133998,-94.76801842480512,-94.92099951890741,-95.06716436046999,-95.20597167684214,-95.33693083189753,-95.4600155059425,-95.57502171704303,-95.68172053276918,-95.78031358014327,-95.8711524854797,-95.95457261770608,-96.03097814707806,-96.10010275322874,-96.16117331127293,-96.21427289631198,-96.26016957405432,-96.29905941634833,-96.33083429928797,-96.35559943409149,-96.37366801248604,-96.38526344657254,-96.39038288330558,-96.38915590904459,-96.38172895528254,-96.36799624676993,-96.34738554632872,-96.31932690459583,-96.28375217702597,-96.24092062576808,-96.19091374557767,-96.1341446769718,-96.07126983901315,-96.00259354440536,-95.9279054234148,-95.84662796545777,-95.75866714960608,-95.66404797352675,-95.56267400538505,-95.45468817124731,-95.3400405184314,-95.21865615181561,-95.09067422432985,-94.95610507077808,-94.81501680487699,-94.66748653036261,-94.51368268947719,-94.35404025867601,-94.18902453611994,-94.01876221396252,-93.84350624320666,-93.66355506808087,-93.47902428425958,-93.29008521549137,-93.09693876313237,-92.89994344931631,-92.69942089036837,-92.49548277604623,-92.28764689620111,-92.07537864997576,-91.85858784092059,-91.63745598349747,-91.4122436041246,-91.18318516317207,-90.95068201455376,-90.71517657311318,-90.47691456282762,-90.23593535499823,-89.99225409551512,-89.7458963700062,-89.49681201000271,-89.24485017365396,-88.98999358849125,-88.73211554227306,-88.47088553907012,-88.206433869817,-87.93921877440654,-87.66948725573114,-87.39726665751414,-87.1222612307879,-86.8442266210176,-86.56335223308439,-86.27999429106195,-85.9946651885205,-85.70761045318406,-85.41884114086459,-85.12866056651731,-84.83743104058192,-84.54545141174108,-84.25299825015622,-83.95996020451011,-83.66599604516847,-83.3710209650043,-83.07510785132611,-82.77820981721626,-82.48015226097375,-82.18107576852347,-81.88139184546415,-81.58144565742806,-81.28130301343415,-80.9808203638434,-80.67983451257268,-80.37817098140185,-80.07586553482642,-79.77310505350798,-79.47006303566877,-79.16684193802384,-78.86357524154465,-78.56034090063409,-78.25701109802957,-77.95347080048708,-77.64956706927417,-77.34526488657704,-77.04063236149996,-76.73571201494629,-76.43072655034491,-76.12592685809742,-75.82159024096265,-75.51797689352996,-75.21514999146032,-74.91316577369678,-74.61216895238312,-74.31209962758756,-74.01273834694422,-73.71416708613769,-73.41657214340552,-73.1199228513414,-72.82422455672359,-72.52956902193189,-72.23612816214626,-71.94398017486064,-71.6531623904488,-71.36385395556185,-71.0762032189153,-70.79025077564746,-70.50591760927398,-70.22315218821144,-69.94192172616088,-69.662052972639,-69.38345383115058,-69.10623871874144,-68.83054429002598,-68.55641446416004,-68.28375964524739,-68.01249267079555,-67.74254022211646,-67.47389943303739,-67.20662151657216,-66.94069590219533,-66.6760949258523,-66.41279206142755,-66.15080681180198,-65.89017505511043,-65.63090250837755,-65.37289960004132,-65.11608687003445,-64.86037728162157,-64.60559129341536,-64.3516267450446,-64.0984049712724,-63.84586199063433,-63.59394721557452,-63.342549606686816,-63.091594483792726,-62.84103882654025,-62.590817971440366,-62.34084771960601,-62.09102592373466,-61.84107805109678,-61.59072655517736,-61.33977845450941,-61.088047051376684,-60.835414790712406,-60.581741266783084,-60.32683419994628,-60.0704174835809,-59.812229445434994,-59.552052191713564,-59.289636248031265,-59.024700664423996,-58.75683631282147,-58.485544022128074,-58.21041506700128,-57.931030556351324,-57.646900078368894,-57.35754930468657,-57.06248241783654,-56.76114015697546,-56.45289592255672,-56.13705055224578,-55.812825679820875,-55.47935554337966,-55.13567705890492,-54.78071791789093,-54.413282400645144,-54.03203451683666,-53.63547798787913,-53.22193246680627,-52.78950524408248,-52.33605750419288,-51.85916396750181,-51.35606446142636,-50.82360559732614,-50.258170262736456,-49.65559204476449,-49.011050944498656,-48.31894578075215,-47.572737462432265,-46.76475577353255,-45.8859604037692,-44.92564462659849,-43.871067278897264,-42.706995655977565,-41.415138982990555,-39.97345016817854,-38.35527453475425,-36.52833211894339,-34.4535426480121,-32.08375424695095,-29.362545869951724,-26.223489459966984,-22.59066597320546,-18.38195166947264,-13.517719951948047,-7.9389170448365185,-1.63872722487781,5.291892361787961,12.616887053625012,19.93785158962465,26.74838657073878,32.57044884148107,37.11148891551333,40.34067135112683,42.44013106192125,43.68626612779775,44.34569853383257,44.62484218060691,44.663563965171946,44.54898902111235,44.33266965379549,44.04426816198812,43.70073442554565,43.31183724329159,42.88336419589303,42.41891446678523,41.920888480006774,41.391032155754196,40.83073709807778,40.24120722839318,39.62355186503085,38.97883777426287,38.308117930626786,37.61244678271464,36.892887536943306,36.150514637514064,35.38641332820015,34.60167745006132,33.79740620363274,32.974700348481875,32.13465815393762,31.278371312190277,30.406920956508856,29.521373880280045,28.622779019450427,27.71216423720106,26.790533432438508,25.858863981081505,24.918104509899702,23.969172995946565,23.012955179799484,22.050303277423563,21.082034973175254,20.108932675005228,19.13174301211354,18.15117655500472,17.16790773796987,16.18257496439367,15.195780875873702,14.20809276688673,13.22004312759292,12.232130298295004,11.244819220030442,10.25854226674383,9.27370014544058,8.290662851641637,7.30977066832655,6.331335197354637,5.355640413079955,4.382943728515731,3.413477064950075,2.447447916360555,1.4850404003164217,0.5264162872895786,-0.4282839995825587,-1.3789404222281572,-2.3254524109106938,-3.2677380012874893,-4.205733033813712,-5.139390424448315,-6.068679516100113,-6.99358552080073,-7.914109063189451,-8.830265836518205,-9.742086383007974,-10.649616010977727,-11.552914861688368,-12.452058139257282,-13.34713651775674,-14.23825673770261,-15.125542406666831,-16.00913501718592,-16.88919519386292,-17.765904180840973,-18.63946557932298,-19.510107342922897,-20.37808403635657,-21.24367936031809,-22.107208942351555,-22.969023390665416,-23.829511602229548,-24.68910431399531,-25.548277882445475,-26.40755826882706,-27.267525201943812,-28.12881648499052,-28.99213240240718,-29.858240171029923,-30.727978365401153,-31.602261228075246,-32.482082750539675,-33.36852037000082,-34.262738092632766,-35.16598879465999,-36.0796153707901,-37.00505031095248,-37.943813167307496,-38.89750522233075,-39.86780049305273,-40.85643198893291,-41.86517190188152,-42.8958041322178,-43.950087261203976,-45.029705792336394,-46.13620725934731,-47.27092269630407,-48.43486807663373,-49.62862479919228,-50.852198337539356,-52.104855979200146,-53.384947442397,-54.68971626600482,-56.015115261131825,-57.35564582783571,-58.70424776138635,-60.05227181802085,-61.389569578517325,-62.70473116168718,-63.985488455228115,-65.21927870040135,-66.39393255224581,-67.49841828873322,-68.52354928997059,-69.46255517404204,-70.31143366574547,-71.06903813473753,-71.7369043243256,-72.31886464808579,-72.82052736885387,-73.24870568344411,-73.61087073330854,-73.91468037258012,-74.16761054300578,-74.37669463914537,-74.54836139567239,-74.68835378534398,-74.80170895654466,-74.89278037530703,-74.96528633509223,-75.02237262896094,-75.06668062584907,-75.10041490155612,-75.1254068414201,-75.14317230733101,-75.15496257473441,-75.16180844854844,-75.16455791870148,-75.16390795622108,-75.16043113309821,-75.15459775642708,-75.14679418268162,-75.13733791767841,-75.12649003085103,-75.11446534064035,-75.10144075367104,-75.08756208814731,-75.07294965619464,-75.05770283502484,-75.04190380032881,-75.02562057656593,-75.00890953763083,-74.99181745337287,-74.97438316676623,-74.95663896689554,-74.93861172030435,-74.92032380679987,-74.90179389674971,-74.88303757451592,-74.86406784960678,-74.84489560168379,-74.82552993554876,-74.80597846362147,-74.78624755681086,-74.76634255123253,-74.74626791503401,-74.72602738203452,-74.70562405933116,-74.6850605316449,-74.66433895219724,-74.64346111140085,-74.62242849169093,-74.60124231988516,-74.57990360320106,-74.55841315920681,-74.53677164919334,-74.51497961121214,-74.49303748036176,-74.47094560208984,-74.44870424588589,-74.42631361268597,-74.40377384740596,-74.38108505156445,-74.35824728707394,-74.33526058623109,-74.31212496729322,-74.28884043440527,-74.2654069743051,-74.2418245612966,-74.21809315754336,-74.19421270880143,-74.17018315081627,-74.14600441324014,-74.12167641674381,-74.09719907427494,-74.07257229507859,-74.04779599782536,-74.02287011561309,-73.99779459312111,-73.97256938630525,-73.94719445726703,-73.92166977298686,-73.89599530466441,-73.87017103118876,-73.8441969421538,-73.81807303209632,-73.79179929861266,-73.76537574585389,-73.73880238559371,-73.71207923973883,-73.6852063433999,-73.65818374699263,-73.6310115175004,-73.60368973249352,-73.57621847556213,-73.54859784193475,-73.52082794156453,-73.49290889677661,-73.46484084015525,-73.43662391459532,-73.40825827866408,-73.37974410872812,-73.35108159796248,-73.32227095449886,-73.2933123995973,-73.26420616885726,-73.23495251292896,-73.20555169569658,-73.17600399491364,-73.14630970509062,-73.11646913463645,-73.08648260456977,-73.05635045039435,-73.02607301759016,-72.99565066003244,-72.96508374173328,-72.93437263945607,-72.90351774349227,-72.87251945532911,-72.84137818733096,-72.81009436595194,-72.778668433472,-72.74710084475515,-72.715392066104,-72.68354257854736,-72.6515528786208,-72.61942347564067,-72.58715489065935,-72.55474765656655,-72.52220231870885,-72.48951943541009,-72.45669957824586,-72.42374333259437,-72.39065129717207,-72.3574240847952,-72.3240623217682,-72.29056664691667,-72.2569377117453,-72.22317618098464,-72.1892827336874,-72.15525806257979,-72.12110287347764,-72.08681788584526,-72.0524038332222,-72.01786146479174,-71.98319154567838,-71.94839485313831,-71.91347217494304,-71.87842431021268,-71.84325206996473,-71.80795627786833,-71.77253776932844,-71.73699739157847,-71.70133600493709,-71.66555448209594,-71.62965370856098,-71.59363458293157,-71.55749801460217,-71.52124492265385,-71.48487623627803,-71.44839289566568,-71.41179585275839,-71.37508607116116,-71.33826452525052,-71.30133219985683,-71.2642900907115,-71.22713920464027,-71.18988055918216,-71.15251518285709,-71.11504411530262,-71.07746840626164,-71.03978911519219,-71.00200731197788,-70.96412407721895,-70.92614050164013,-70.88805768562621,-70.84987673908464,-70.81159878151547,-70.7732249420548,-70.73475635975795,-70.69619418385146,-70.65753957334273,-70.61879369767621,-70.57995773691634,-70.54103288078537,-70.50202032824532,-70.46292128739057,-70.42373697564359,-70.38446861994078,-70.34511745739697,-70.30568473589895,-70.26617171363141,-70.22657965872313,-70.18690984956976,-70.14716357568167,-70.10734213801035,-70.06744684936645,-70.02747903501299,-69.98744003290459,-69.94733119408627,-69.90715388325366,-69.866909479741,-69.82659937883031,-69.78622499321285,-69.74578775409339,-69.70528911252362,-69.66473054132008,-69.62411353726235,-69.58343962362508,-69.5427103531063,-69.50192731122453,-69.46109212027078,-69.4202064439166,-69.37927199268012,-69.33829053057039,-69.29726388244877,-69.25619394251838,-69.21508268429767,-69.1739321723644,-69.13274457653353,-69.0915221884796,-69.05026744118926,-69.00898293200937,-68.96767144884447,-68.92633599983748,-68.88497984735254,-68.84360654542743,-68.80221997938956,-68.76082440498884,-68.71942448213072,-68.67802529472993,-68.63663234288235,-68.59525148618731,-68.55388880819179,-68.51255036420929,-68.47124177459519,-68.4299676437397,-68.38873083315939,-68.34753169654874,-68.30636747150092,-68.26523206313234,-68.2241163921702,-68.1830093070527,-68.14189885111277,-68.10077355003746,-68.0596234122767,-68.0184404842799,-67.97721897447208,-67.9359550703823,-67.89464659986884,-67.73761772223105,-67.3576517686153,-66.8803833020762,-66.42316633031531,-65.9862352607213,-65.56965620505831,-65.17337681794422,-64.79725982081902,-64.44110551626987,-64.10466703626324,-63.78766086886109,-63.48977435026717,-63.21067122136055,-62.94999595589685,-62.70737731033635,-62.482431377974,-62.27476432169683,-62.08397488961263,-61.90965677251685,-61.75140083302746,-61.60879721767744,-61.48143735175645,-61.36891580994027,-61.27083205223334,-61.18679201346853,-61.11640953486856,-61.05930762748632,-61.01511955935288,-60.9834897606069,-60.964074543557125,-60.95654263738661,-60.96057553992508,-60.97586769150581,-61.0021264783207,-61.039072074846494,-61.086437136808584,-61.143966357761826,-61.21141590369764,-61.288552741138666,-61.375153874968746,-61.47100551278392,-61.57590217285796,-61.68964575291455,-61.81204457680669,-61.94291243594099,-62.0820676418661,-62.229332105884694,-62.38453046085781,-62.54748923955771,-62.71803612299724,-62.89599927112406,-63.081206747121676,-63.273486045308786,-63.4726637312788,-63.678565201478065,-63.891014567892576,-64.10983467190958,-64.33484722975724,-64.56587311022047,-64.80273274360614,-65.04524665921254,-65.29323614687299,-65.54652403652555,-65.80491004114633,-66.06819685556559,-66.33622033858079,-66.60882633770687,-66.88586660447119,-67.16720020930728,-67.45269498425769,-67.74222898048724,-68.03569192777846,-68.33298668329044,-68.63403065686929,-68.93875720002484,-69.24711694522406,-69.55907908125005,-69.87463254885868,-70.19378713862069,-70.51657446942097,-70.84304352279048,-71.1732240405202,-71.50718360403076,-71.84506156892857,-72.18699457071693,-72.533005038711,-72.883095990489,-73.23743991634,-73.59630189085067,-73.9599402969369,-74.3286442136551,-74.70273607830329,-75.08252466021167,-75.46826631806172,-75.86013411999265,-76.25821659385358,-76.6626070459676,-77.07338699921128,-77.49052145404283,-77.91376120089988,-78.3428201350237,-78.7774184069434,-79.21715194597988,-79.66143450537854,-80.10951934079674,-80.56065547773716,-81.01405516496997,-81.46862945690256,-81.9232210213315,-82.37699908444766,-82.82927088128241,-83.27917123163175,-83.72554692412527,-84.1672025705332,-84.60320435357829,-85.03272921400315,-85.45513645838649,-85.86989069405185,-86.27625590743426,-86.67372342182585,-87.06235348274987,-87.4418576045438,-87.81182613899105,-88.17255093323257,-88.52444834301427,-88.86779130411882,-89.20268043788165,-89.52925238299413,-89.84765118798325,-90.15788974607366,-90.45993125034961,-90.75373729087482,-91.0393769999457,-91.31692324727612,-91.58645831580559,-91.84801456102595,-92.10153541361369,-92.34696921285496,-92.58444971603927,-92.81428858984744,-93.03681022475767,-93.25226733145954,-93.46066278241844,-93.66211929793205,-93.85702646690639,-94.0455090976709,-94.22702077245206,-94.40105693167754,-94.56772072042493,-94.72752665508165,-94.88071820141026,-95.02708554021646,-95.16608782219333,-95.2972348444342,-95.42050072062167,-95.53568188119048,-95.64254980106215,-95.74130651361388,-95.83230403110667,-95.91587808781605,-95.99243319918622,-96.06170334631955,-96.12291569822769,-96.17615365273231,-96.22218559094236,-96.26120785252607,-96.29311256872249,-96.31800519920047,-96.3361991796333,-96.34791814155285,-96.35315943684638,-96.35205285033597,-96.3447450010003,-96.3311302815549,-96.31063660493804,-96.28269417998618,-96.24723503677521,-96.20451861151709,-96.15462655305708,-96.09797216440069,-96.0352120105931,-95.96665052493181,-95.8920774292501,-95.81091529806335,-95.72307021672428,-95.6285672825724,-95.5273101579986,-95.41944186703334,-95.30491253789776,-95.18364735648426,-95.05578555757577,-94.92133754732717,-94.780371510352,-94.63296461420586,-94.4792853659455,-94.31976880808534,-94.15488029548186,-93.98474655391871,-93.80962057436865,-93.62980082976264,-93.44540293694432,-93.25659823714604,-93.06358764882862,-92.86672971107504,-92.66634604958831,-92.46254834957819,-92.2548543712399,-92.04272949401444,-91.82608352246417,-91.60509798288442,-91.38003341137566,-91.15112427444055,-90.91877193517597,-90.68341881253076,-90.44531062076094,-90.20448671097665,-89.96096220826749,-89.71476267735862,-89.46583792602199,-89.21403708553906,-88.95934286572644,-88.70162852948384,-88.44056355185874,-88.17627821977153,-87.90923077880136,-87.63966822281049,-87.36761787569422,-87.09278395382447,-86.81492207784093,-86.53422164849427,-86.25103889081925,-85.96588620299848,-85.67900909797706,-85.39041860777196,-85.10041803750146,-84.80936968649259,-84.51757238738773,-84.22530269055558,-83.93244920407379,-83.63867065214474,-83.34388219817285,-83.04815670830175,-82.75144726846214,-82.45357924551644,-82.15469321334112,-81.85520067583195,-81.55544679072409,-81.2554973419964,-80.95520874683103,-80.6544177765092,-80.35294992291628,-80.05084093409033,-79.7482776810963,-79.44543365065009,-79.14241128316807,-78.8393440450358,-78.53630987142887,-78.23318091580573,-77.929842118582,-77.62614051306767,-77.32204106306386,-77.01761186327529,-76.71289541928282,-76.40811442785773,-76.10351977135024,-75.79938874402886,-75.49598152746059,-75.19336127119269,-74.8915841877189,-74.59079496572062,-74.2909336678729,-73.9917807969093,-73.69341830189215,-73.39603245599932,-73.09959255256462,-72.80410390047678,-72.5096582266249,-72.21642741303322,-71.92448961416382,-71.63388211392046,-71.34478401702852,-71.0573436244171,-70.77160147348756,-70.48747848056087,-70.20492304685814,-69.92390231669623,-69.6442429591813,-69.36585280129653,-69.08884619178077,-68.81335971307783,-68.53943720150725,-68.26698896645843,-67.9959277480186,-67.7261801265915,-67.4577431360406,-67.1906678868129,-66.92494369720919,-66.66054278595125,-66.39743850496953,-66.13565023272888,-65.87521371796737,-65.61613454058214,-65.35832298020836,-65.10169942444843,-64.8461766774272,-64.59157502813208,-64.33779214658772,-64.08474919246403,-63.83238200408436,-63.580639806565706,-63.32941136215346,-63.07862178722151,-62.8282278510737,-62.578164669309835,-62.32834781132147,-62.07867488686698,-61.828871098161535,-61.578658625305,-61.32784420524435,-61.076240845866266,-60.82373068530095,-60.57017299113158,-60.31537513355194,-60.05906062868809,-59.80096740470736,-59.540877142856374,-59.278539910335326,-59.01367426154518,-58.74587052467232,-58.47462893650724,-58.19954013531309,-57.920184532877705,-57.63607094921369,-57.34672421190292,-57.05164756897786,-56.75028071926894,-56.441995901911504,-56.126092654355475,-55.801791150124764,-55.4682239820386,-55.124426206200845,-54.76932340453917,-54.40171745637417,-54.020269629186934,-53.62348050143243,-53.20966611089266,-52.77692957431216,-52.323127239783716,-51.84582820213927,-51.342265720073534,-50.809278704707886,-50.24324098079533,-49.63997542578334,-48.99464933327714,-48.301646382604964,-47.554409373206944,-46.74524634276521,-45.86509077228126,-44.903204245904035,-43.846807184213546,-42.68062023367178,-41.38629596063445,-39.94171858882698,-38.32015061080766,-36.489213197683355,-34.409710251190575,-32.034358617981184,-29.306597293084703,-26.15986686045321,-22.51816256427477,-18.299392337105353,-13.424204596771464,-7.834256203422593,-1.524103624109185,5.413146522417891,12.738798396418444,20.052275647073742,26.84690039105785,32.64708809176528,37.1646556582158,40.372905183834156,42.456192034043,43.69107961280441,44.343193104749396,44.617697211387565,44.653430148160275,44.5368171726,44.31898350138318,44.02934761467636,43.68472601412546,43.29481674024853,42.86537089536231,42.399969605154766,41.90100504506826,41.37022008600351,40.809006022005846,40.21856788412561,39.600016803521726,38.95442166672837,38.28283765279865,37.586321370616005,36.86593806758229,36.1227640656561,35.35788629815209,34.57240009447486,33.767405937262296,32.944005662327584,32.10329841358599,31.246376563066118,30.374321737971087,29.488201049916622,28.5890635884877,27.677937217600363,26.755825695981734,25.82370613053164,24.88252676214969,23.933205076932378,22.976626230844477,22.013641772596465,21.04506864717963,20.071688461070547,19.094246989324873,18.1134539044871,17.1299827073324,16.144470839836288,15.157519961363995,14.169696369824333,13.181531550393654,12.193522835344542,11.206134159477244,10.21979689662228,9.234910763637144,8.251844779238187,7.270938265875768,6.292501883661434,5.316818686080148,4.344145187857887,3.3747124358983105,2.4087270746449136,1.446372397562624,0.4878093766615974,-0.46682233789592675,-1.4174034560576936,-2.363834132067282,-3.3060331028377905,-4.243936889087751,-5.177499068216677,-6.106689628382055,-7.031494413790786,-7.951914671817201,-8.867966713183666,-9.779681697061811,-10.68710555353988,-11.590299056419054,-12.489338059708952,-13.38431391194388,-14.275334060519103,-15.162522860769345,-16.046022602934745,-16.925994768866886,-17.80262152959355,-18.676107493339632,-19.546681711694934,-20.414599949323986,-21.280147219933518,-22.14364058815982,-23.005432234159485,-23.865912772059602,-24.725514810906063,-25.584716743094166,-26.444046737376215,-27.304086908021695,-28.165477626252557,-29.028921929483264,-29.89518997207084,-30.765123446698556,-31.639639886263843,-32.51973673062407,-33.406495001784,-34.3010823959664,-35.204755541154185,-36.1188610860554,-37.04483519695598,-37.98420091884191,-38.938562704757594,-39.90959724028316,-40.899039471011925,-41.90866250067712,-42.94024975196822,-43.99555748883556,-45.076265511957125,-46.18391361848754,-47.319821321896825,-48.484988451556234,-49.67997474245305,-50.904757591811624,-52.158569008578816,-53.439715690863366,-54.74539032928836,-56.071487678222724,-57.412445482778345,-58.761137154040206,-60.108848633827535,-61.44537395115011,-62.75925965846126,-64.03821503935067,-65.26968175478467,-66.44152566714435,-67.54278127142196,-68.56435518723079,-69.49958935633532,-70.34460227306496,-71.09836512629875,-71.76251843379345,-72.34097912359171,-72.83941610003134,-73.26467915586832,-73.62425445509515,-73.92579735502244,-74.17676840872434,-74.38417716891392,-74.55442386566426,-74.69322125404055,-74.80557665755285,-74.8958154783765,-74.9676304889638,-75.02414485465631,-75.06798026524042,-75.1013244348267,-75.12599446784883,-75.14349424029335,-75.15506503892342,-75.16172939014642,-75.16432845183314,-75.16355357484167,-75.15997271898468,-75.15405241289088,-75.14617592118522,-75.13665822148069,-75.12575831659801,-75.11368933573159,-75.10062680441112,-75.0867154111974,-75.07207454368633,-75.05680282186789,-75.04098180071044,-75.02467899535962,-75.0079503613794,-74.99084232464418,-74.97339344497075,-74.9556357780769,-74.9375959979427,-74.91929632528662,-74.90075529888134,-74.88198839410347,-74.86300853008943,-74.84382651147213,-74.82445138069028,-74.8048906982679,-74.78515079187983,-74.76523696158584,-74.74515364543424,-74.7249045520949,-74.70449276763361,-74.68392085917021,-74.66319096518745,-74.64230486375118,-74.62126402695169,-74.6000696729392,-74.5787228016723,-74.55722422464352,-74.53557459806414,-74.51377445574563,-74.49182422925645,-74.4697242611146,-74.44747481838907,-74.42507610002723,-74.40252824932303,-74.37983136648546,-74.35698551238393,-74.3339907184994,-74.31084700246838,-74.28755436798313,-74.26411280147325,-74.2405222770586,-74.2167827568261,-74.19289418654766,-74.16885650206406,-74.14466963319194,-74.12033350082629,-74.0958480181907,-74.07121309485103,-74.04642864983776,-74.02149461664371,-73.99641094037449,-73.97117757744034,-73.94579449042241,-73.92026164680298,-73.89457901830347,-73.86874658435217,-73.84276433509807,-73.81663226564747,-73.79035037417893,-73.76391866543703,-73.7373371517992,-73.71060585578499,-73.68372481312647,-73.65669407486862,-73.62951370863163,-73.60218379262997,-73.5747044111044
