-0.08689691764465017,-0.3482665767895187,-0.3831989791473765,-0.017828432712184927,0.9301771914229474,2.6189339491707293,5.156574754878088,8.577995177004826,12.823097294090008,17.72119669717435,22.99291185131078,28.282730671319577,33.22503416715733,37.524633888199894,41.016689986943035,43.67918700841148,45.599818729244014,46.9224871695394,47.79987774960653,48.364781759451795,48.71940907487926,48.93608236006371,49.062884147879295,49.13020943005558,49.156383512756896,49.15185132787198,49.122059866614116,49.06934428218515,48.99412418325975,48.895649710729494,48.77246492736431,48.622698260484036,48.44424890554443,48.234911207116525,47.99246208008086,47.714726147027086,47.3996270260485,47.045229502773566,46.64977515040623,46.211712703867796,45.7297237789928,45.202744136535095,44.62998049498498,44.01092282008701,43.345352017082654,42.63334299600692,41.875263152573034,41.071766394578994,40.22378293691681,39.33250517977267,38.39937006857722,37.426038406064045,36.414371642973855,35.366406712233925,34.284329490734045,33.17044747310576,32.027162224182774,30.85694214291751,29.66229602295164,28.445747836733954,27.209813104224168,25.956977137018445,24.689675377225605,23.410275980352804,22.121064725154817,20.824232272714468,19.521863743303502,18.21593053367986,16.908284259808674,15.600652680549628,14.294637436300722,12.991713422340293,11.693229608894653,10.400411117895246,9.114362369041894,7.836071114221819,6.566413188652201,5.306157818489774,4.055973337347947,2.8164331775431504,1.5880220154277942,0.37114196343190176,-0.8338812858949352,-2.0267924467061773,-3.207400829537879,-4.375574796006344,-5.5312365318983385,-6.6743571842329015,-7.804952400969469,-8.92307830588479,-10.028827935573807,-11.122328160360938,-12.20373710594295,-13.273242087630859,-14.331058063938551,-15.377426610829565,-16.412615412070327,-17.436918254788406,-18.4506555124976,-19.45417509059348,-20.447853801771235,-21.432099131158363,-22.407351343412707,-23.37408587685424,-24.33281596310278,-25.284095404857123,-26.228521439453583,-27.166737611629944,-28.099436575272023,-29.02736274041866,-29.95131467782146,-30.87214718806498,-31.79077293462347,-32.7081635290685,-33.62534994062998,-34.54342208006362,-35.46352737789882,-36.38686813832305,-37.314697401085375,-38.24831298410338,-39.1890493087283,-40.138266528531126,-41.097336392999836,-42.06762418359162,-43.050465967816365,-44.047140337898135,-45.058833749633834,-46.086598576478956,-47.13130307380968,-48.19357264802689,-49.27372219315561,-50.37167984954223,-51.4869034125812,-52.618291822413426,-53.76409571921539,-54.92183291991033,-56.08821673903146,-57.259107091254975,-58.429495874166925,-59.59353868356487,-60.74464381307383,-61.87562613450999,-62.978927516488085,-64.04689713147542,-65.07211530634544,-66.04773526179127,-66.96781043461073,-67.82757322700417,-68.62363519925096,-69.3540885955286,-70.01850270421276,-70.61782285000095,-71.15419165313371,-71.63071934506362,-72.05123166433005,-72.42002088465424,-72.7416194911451,-73.02060880380361,-73.26146802066859,-73.4684636951358,-73.64557594844446,-73.79645567052034,-73.92440624777346,-74.03238356068336,-74.12300873330992,-74.19858909196718,-74.26114379795226,-74.31243154017969,-74.35397845145067,-74.38710503203032,-74.41295133543672,-74.4325000147008,-74.44659706731964,-74.45597027730152,-74.4612454536329,-74.46296062293686,-74.46157836307918,-74.45749647379455,-74.45105717716706,-74.44255503003787,-74.43224371558749,-74.42034186475647,-74.4070380413067,-74.39249500809211,-74.37685337701267,-74.36023473142164,-74.34274429752213,-74.3244732305051,-74.30550057176256,-74.28589492534164,-74.2657158947608,-74.24501531525773,-74.22383831135684,-74.20222420521773,-74.18020729745119,-74.15781753887443,-74.13508110894153,-74.11202091425908,-74.08865701861846,-74.06500701429593,-74.04108634294133,-74.016908573162,-73.9924856408739,-73.96782805761303,-73.94294509125116,-73.91784492292199,-73.89253478342037,-73.86702107187358,-73.84130945908753,-73.81540497763335,-73.78931210045033,-73.76303480949429,-73.73657665574889,-73.70994081173588,-73.683130117505,-73.65614712095076,-73.62899411318848,-73.60167315962383,-73.5741861272649,-73.54653470875306,-73.51872044352585,-73.49074473647066,-73.4626088743814,-73.43431404048955,-73.40586132730601,-73.37725174797984,-73.34848624635372,-73.31956570587293,-73.29049095748529,-73.26126278665177,-73.23188193957297,-73.2023491287234,-73.17266503777427,-73.14283032597558,-73.1128456320597,-73.08271157772107,-73.05242877072011,-73.02199780765376,-72.99141927642975,-72.96069375847772,-72.92982183072601,-72.89880406736995,-72.86764104145406,-72.83633332628847,-72.80488149671703,-72.7732861302531,-72.74154780809666,-72.70966711604531,-72.67764464531005,-72.64548099324554,-72.61317676400357,-72.58073256911747,-72.54814902802421,-72.51542676853039,-72.48256642722755,-72.4495686498617,-72.41643409166129,-72.38316341762763,-72.34975730279118,-72.31621643243676,-72.28254150230057,-72.24873321874136,-72.2147922988881,-72.1807194707661,-72.14651547340344,-72.11218105691911,-72.07771698259468,-72.04312402293041,-72.00840296168724,-71.97355459391564,-71.93857972597222,-71.90347917552509,-71.86825377154861,-71.83290435430827,-71.79743177533648,-71.76183689739958,-71.72612059445686,-71.69028375161191,-71.65432726505676,-71.6182520420092,-71.58205900064371,-71.54574907001624,-71.50932318998315,-71.47278231111463,-71.43612739460283,-71.39935941216496,-71.36247934594138,-71.32548818838929,-71.28838694217173,-71.25117662004236,-71.21385824472613,-71.17643284879584,-71.13890147454498,-71.10126517385663,-71.06352500806896,-71.02568204783705,-70.98773737299138,-70.94969207239298,-70.91154724378545,-70.87330399364376,-70.83496343702008,-70.79652669738665,-70.75799490647582,-70.71936920411719,-70.68065073807217,-70.64184066386586,-70.60294014461626,-70.56395035086109,-70.52487246038221,-70.48570765802755,-70.44645713553079,-70.40712209132886,-70.36770373037717,-70.32820326396283,-70.28862190951574,-70.24896089041772,-70.20922143580978,-70.16940478039741,-70.12951216425421,-70.0895448326236,-70.04950403571905,-70.00939102852257,-69.96920707058167,-69.92895342580482,-69.8886313622555,-69.84824215194483,-69.80778707062301,-69.76726739756931,-69.72668441538109,-69.68603940976149,-69.64533366930625,-69.60456848528939,-69.563745151448,-69.5228649637662,-69.48192922025817,-69.44093922075061,-69.39989626666433,-69.35880166079535,-69.31765670709541,-69.27646271045192,-69.23522097646762,-69.19393281123975,-69.152599521139,-69.11122241258819,-69.0698027918408,-69.02834196475942,-68.9868412365941,-68.9453019117608,-68.90372529361989,-68.86211268425485,-68.82046538425116,-68.77878469247551,-68.73707190585532,-68.69532831915875,-68.65355522477518,-68.6117539124962,-68.56992566929729,-68.52807177912013,-68.48619352265564,-68.44429217712796,-68.40236901607916,-68.36042530915495,-68.31846232189143,-68.27648131550288,-68.23448354667065,-68.19247026733332,-68.15044272447808,-68.1084021599334,-68.06634981016312,-68.02428690606197,-67.98221467275263,-67.94013432938425,-67.89804708893271,-67.85595415800249,-67.81385673663026,-67.77175601809033,-67.72965318870192,-67.68754942763829,-67.64544590673788,-67.60334379031745,-67.5612442349873,-67.51914838946853,-67.47705739441258,-67.43497238222292,-67.392894476879,-67.3508247937625,-67.30876443948607,-67.26671451172425,-67.22467609904703,-67.18265028075581,-67.14063812672192,-67.09864069722772,-67.05665904281027,-67.01469420410768,-66.97274721170822,-66.930819086002,-66.88891083703552,-66.84702346436897,-66.80515795693637,-66.76331529290852,-66.72149643955888,-66.6797023531323,-66.63793397871673,-66.59619225011782,-66.55447808973658,-66.51279240844988,-66.47113610549421,-66.42951006835219,-66.38791517264231,-66.34635228201172,-66.30482224803195,-66.26332591009788,-66.22186409532966,-66.18043761847788,-66.13904728183162,-66.09769387512985,-66.05637817547571,-66.01510094725411,-65.97386294205224,-65.93266489858327,-65.8915075426132,-65.85039158689065,-65.80931773107987,-65.76828666169673,-65.72729905204781,-65.68635556217247,-65.64545683878801,-65.60460351523784,-65.56379621144256,-65.52303553385407,-65.4823220754126,-65.44165641550666,-65.40103911993586,-65.36047074087666,-65.31995181685089,-65.279482872697,-65.2390644195443,-65.19869695478971,-65.15838096207726,-65.11811691128037,-65.07790525848657,-65.03774644598492,-64.99764090225591,-64.95758904196386,-64.91759126595176,-64.87764796123851,-64.8377595010185,-64.79792624466347,-64.75814853772665,-64.71842671194905,-64.6787610852679,-64.63915196182717,-64.59959963199013,-64.56010437235379,-64.52066644576536,-64.48128610134044,-64.44196357448307,-64.4026990869074,-64.36349284666113,-64.3243450481504,-64.28525587216629,-64.24622548591267,-64.20725404303558,-64.16834168365367,-64.12948853439012,-64.09069470840558,-64.05196030543216,-64.01328541180857,-63.97467010051603,-63.93611443121514,-63.89761845028349,-63.859182190853964,-63.82080567285365,-63.782488903043316,-63.74423187505729,-63.70603456944376,-63.66789695370534,-63.629818982339806,-63.591800596881,-63.55384172593973,-63.51594228524462,-63.47810217768279,-63.440321293340375,-63.40259950954261,-63.36493669089362,-63.32733268931559,-63.289787344087415,-63.252300481882635,-63.21487191680656,-63.17750145043255,-63.14018887183731,-63.102933957635095,-63.06573647201076,-63.028596166751555,-62.99151278127751,-62.95448604267038,-62.917515665701046,-62.88060135285519,-62.84374279435721,-62.8069396681923,-62.770191640126484,-62.73349836372458,-62.69685948036598,-62.66027461925809,-62.62374339744736,-62.58726541982781,-62.550840279146826,-62.514467556008306,-62.47814681887282,-62.44187762405485,-62.40565951571683,-62.369492025860055,-62.333374674312125,-62.29730696871093,-62.26128840448501,-62.2253184648302,-62.189396620682345,-62.15352233068599,-62.11769504115896,-62.08191418605261,-62.04617918690761,-62.01048945280521,-61.97484438031369,-61.939243353429966,-61.90368574351613,-61.86817090923077,-61.83269819645497,-61.797266938212694,-61.761876454585526,-61.72652605262147,-61.691215026237735,-61.655942656117205,-61.620708209598504,-61.58551094055942,-61.55035008929348,-61.515224882379435,-61.48013453254357,-61.44507823851447,-61.410055184870046,-61.37506454187673,-61.34010546532038,-61.305177096328805,-61.27027856118561,-61.23540897113509,-61.200567422177855,-61.16575299485704,-61.13096475403463,-61.09620174865777,-61.06146301151458,-61.026747558979345,-60.992054390746524,-60.95738248955346,-60.922730820891225,-60.888098332703414,-60.85348395507232,-60.81888659989228,-60.78430516052959,-60.74973851146873,-60.7151855079443,-60.680644985558345,-60.64611575988246,-60.61159662604427,-60.57708635829768,-60.542583709576476,-60.50808741103056,-60.47359617154435,-60.4391086772367,-60.404623590941696,-60.37013955166965,-60.3356551740477,-60.30116904773914,-60.26667973684089,-60.23218577925825,-60.19768568605612,-60.163177940785864,-60.12866099878696,-60.09413328646248,-60.05959320052742,-60.02503910722896,-59.99046934153755,-59.955882206307685,-59.92127597140738,-59.886648872814995,-59.85199911168223,-59.817324853362045,-59.782624226400024,-59.74789532148791,-59.71313619037767,-59.67834484475466,-59.64351925506823,-59.608657349317966,-59.573757011793994,-59.53881608176926,-59.50383235214199,-59.46880356802618,-59.43372742528805,-59.39860156902613,-59.36342359199269,-59.32819103295404,-59.29290137498698,-59.25755204370891,-59.222140405438466,-59.186663765283924,-59.15111936515607,-59.11550438170226,-59.07981592415824,-59.044051032114,-59.008206673189854,-58.972279740618724,-58.9362670507303,-58.900165340332684,-58.86397126398678,-58.82768139116841,-58.791292203313056,-58.75480009073756,-58.71820134943315,-58.681492177723534,-58.64466867278169,-58.60772682699856,-58.57066252419634,-58.533471535678984,-58.496149516111736,-58.45869199922129,-58.4210943933077,-58.38335197655851,-58.3454598921551,-58.30741314316077,-58.269206587179276,-58.23083493077197,-58.19229272362109,-58.15357435242577,-58.11467403451681,-58.075585811175095,-58.03630354063798,-57.996820890776675,-57.957131331426844,-57.91722812635338,-57.87710432482922,-57.836752752806746,-57.79616600365896,-57.75533642846617,-57.71425612582233,-57.67291693113353,-57.631310405379324,-57.58942782330561,-57.547260161015735,-57.50479808292418,-57.46203192803497,-57.41895169550403,-57.375547029442316,-57.33180720291316,-57.28772110107429,-57.24327720341138,-57.198463565006236,-57.15326779677854,-57.10767704463594,-57.06167796746207,-57.01525671386737,-56.96839889762172,-56.92108957168179,-56.873313200719764,-56.82505363205254,-56.776294064863066,-56.72701701759701,-56.6772042934086,-56.626836943519855,-56.5758952283462,-56.52435857622993,-56.47220553960992,-56.419413748441926,-56.36595986066846,-56.311819509520284,-56.25696724741332,-56.20137648618442,-56.14501943338737,-56.08786702434625,-56.02988884963663,-55.97105307763557,-55.91132637174947,-55.85067380189296,-55.78905874975303,-55.72644280732937,-55.66278566819406,-55.59804501086108,-55.53217637359753,-55.465133019943856,-55.396865794138414,-55.32732296556203,-55.256450061229536,-55.184189685256506,-55.11048132411958,-55.035261136406,-54.95846172561089,-54.880011894387856,-54.79983637848661,-54.7178555584192,-54.633985146680416,-54.54813584810526,-54.46021299067328,-54.370116123761576,-54.27773858050094,-54.18296700049664,-54.08568080873113,-53.98575164596169,-53.88304274535435,-53.77740824944464,-53.66869246077553,-53.55672901871803,-53.44133999401514,-53.322334891486136,-53.19950955006299,-53.07264492787879,-52.94150575845848,-52.805839062139405,-52.66537249463082,-52.51981251205826,-52.368842328870976,-52.21211964155021,-52.04927408705914,-51.87990440032588,-51.7035752296321,-51.519813562454964,-51.32810470691571,-51.12788776533128,-50.918550526214965,-50.69942368915659,-50.4697743230084,-50.22879844132839,-49.97561255963865,-49.70924407621627,-49.4286202912347,-49.132555847409144,-48.81973833806642,-48.48871178486278,-48.137857636243936,-47.76537287817866,-47.36924477974952,-46.94722171709252,-46.49677942961646,-46.01508196291055,-45.49893644524109,-44.944740733500005,-44.34842285839873,-43.705371112566475,-43.010353584122846,-42.25742598305127,-41.43982680302268,-40.549859307888866,-39.57876068379909,-38.51656018613387,-37.351930576778265,-36.07204108609,-34.66242624421129,-33.10689416706578,-31.387511514473097,-29.48472190599847,-27.377681710708156,-25.04493283892829,-22.46557503616031,-19.621142238309133,-16.498406729781575,-13.093285042553235,-9.415826071959298,-5.495841683151223,-1.3880715281485712,2.824982816475573,7.0348266499238665,11.115061768886903,14.935647859504819,18.380501380121146,21.363534988891153,23.838307963594907,25.798901372832297,27.273036632203898,28.310865446426792,28.97328262687939,29.322464299524007,29.415697762736247,29.302301438249916,29.022817801365115,28.609571576672995,28.08786704411389,27.47735020901717,26.793278109269128,26.047586391838188,25.24973305419554,24.40733876597121,23.526659857834847,22.612931607848438,21.67061478770966,20.70357189191559,19.71519313732026,18.70848699127912,17.686145827057345,16.65059420237698,15.604025008865426,14.548427142253917,13.485607221619498,12.417207105069847,11.34471840820573,10.269494857807095,9.192763055140206,8.115632045251644,7.039101965784184,5.9640719640962425,4.891347512988245,3.821647214999502,2.755609157418069,1.6937968609546235,0.6367048517726863,-0.4152361226315524,-1.4616542196469884,-2.502231960393585,-3.5367020150751567,-4.564843311252675,-5.586477463455972,-6.601465524205089,-7.609705057920632,-8.611127540417455,-9.605696087709338,-10.593403518685932,-11.5742707568175,-12.548345576344008,-13.515701698350489,-14.476438241655126,-15.43067953248002,-16.378575275384243,-17.320301085880068,-18.25605938250918,-19.18608063293599,-20.110624944854518,-21.029983988263886,-21.944483231025934,-22.854484464668133,-23.7603885922251,-24.662638644588338,-25.561722986377134,-26.458178666700853,-27.35259486419624,-28.245616369101803,-29.137947037416584,-30.03035314273294,-30.923666539264904,-31.818787533813595,-32.716687343572254,-33.618409989180286,-34.525073436458015,-35.43786975375353,-36.358063992625056,-37.28699142544051,-38.22605268231371,-39.17670621995844,-40.140457425768815,-41.118843512564986,-42.113413196459575,-43.1256999798091,-44.157187696995905,-45.20926684547185,-46.28318015288672,-47.379955873937064,-48.500327538037475,-49.64463937305014,-50.81273752368148,-52.00384859074925,-53.21644905679491,-54.44813190683014,-55.69548016737015,-56.953960950601754,-58.21785739764965,-59.48025879886228,-60.733129902860604,-61.967477578790835,-63.17362531666563,-64.34159307983819,-65.46156278647648,-66.52439113754171,-67.52211623609602,-68.44839751932298,-69.29883352531206,-70.07111918723409,-70.765029941637,-71.38224733807985,-71.92606304839836,-72.40101041344903,-72.81247376114203,-73.16631782742573,-73.4685666799453,-73.7251476404186,-73.94170378048652,-74.12347008077548,-74.2752034686249,-74.40115507514952,-74.50507326293554,-74.59022738724423,-74.65944417512547,-74.71515057952483,-74.75941873246381,-74.79401007258951,-74.82041684001221,-74.8398999471472,-74.8535228007129,-74.86218102307312,-74.8666282513827,-74.86749832230063,-74.86532421082214,-74.86055410810798,-74.85356501222543,-74.84467417929845,-74.83414874857705,-74.82221381842926,-74.80905921431051,-74.79484515612384,-74.77970700192265,-74.76375921794556,-74.74709870149512,-74.72980756297162,-74.71195545614975,-74.69360153119801,-74.67479607265096,-74.65558187422944,-74.63599539377255,-74.61606772433798,-74.59582541151902,-74.57529114202298,-74.55448432439181,-74.53342157928205,-74.51211715383982,-74.49058327231062,-74.46883043302896,-74.44686766027405,-74.42470271809461,-74.40234229205495,-74.37979214389368,-74.35705724328514,-74.33414188022431,-74.31104976099672,-74.28778409022676,-74.2643476411059,-74.24074281557414,-74.21697169595228,-74.1930360892913,-74.16893756551062,-74.14467749023355,-74.1202570530901,-74.09567729214139,-74.07093911498167,-74.04604331699113,-74.02099059714256,-73.99578157170562,-73.97041678614224,-73.94489672544385,-73.91922182312507,-73.8933924690575,-73.86740901630128,-73.84127178706953,-73.81498107794181,-73.78853716442647,-73.76194030495796,-73.73519074440306,-73.70828871714005,-73.68123444976598,-73.65402816347967,-73.6266700761818,-73.5991604043278,-73.5714993645645,-73.54368717517735,-73.5157240573718,-73.48761023640871,-73.459345942612,-73.43093141226332,-73.4023668883976,-73.373652621511,-73.34478887019142,-73.31577590168061,-73.28661399237552,-73.25730342827597,-73.2278445053844,-73.19823753006303,-73.16848281935307,-73.13858070126003,-73.10853151500848,-73.07833561126985,-73.04799335236547,-73.01750511244764,-72.9868712776608,-72.95609224628463,-72.92516842886072,-72.89410024830437,-72.86288814000281,-72.8315325519009,-72.80003394457545,-72.7683927912989,-72.7366095780934,-72.70468480377575,-72.67261897999401,-72.64041263125623,-72.60806629495178,-72.57558052136599,-72.54295587368799,-72.51019292801261,-72.4772922733364,-72.444254511548,-72.41108025741326,-72.3777701385553,-72.3443247954296,-72.31074488129443,-72.27703106217672,-72.24318401683352,-72.2092044367092,-72.17509302588843,-72.14085050104521,-72.10647759138786,-72.07197503860019,-72.03734359677883,-72.00258403236693,-71.96769712408413,-71.932683662853,-71.89754445172188,-71.86228030578441,-71.82689205209537,-71.7913805295834,-71.75574658896028,-71.71999109262683,-71.68411491457572,-71.64811894029097,-71.61200406664429,-71.57577120178827,-71.53942126504646,-71.5029551868004,-71.46637390837363,-71.42967838191254,-71.39286957026451,-71.35594844685286,-71.31891599554902,-71.28177321054177,-71.2445210962037,-71.20716066695474,-71.16969294712302,-71.13211897080299,-71.09443978171069,-71.0566564330365,-71.01876998729513,-70.98078151617312,-70.94269210037365,-70.90450282945885,-70.86621480168967,-70.82782912386321,-70.78934691114767,-70.75076928691493,-70.7120973825707,-70.67333233738252,-70.63447529830532,-70.59552741980492,-70.55648986367925,-70.51736379887745,-70.47815040131697,-70.43885085369843,-70.39946634531874,-70.35999807188209,-70.32044723530902,-70.28081504354375,-70.24110271035968,-70.20131145516301,-70.16144250279478,-70.12149708333126,-70.08147643188258,-70.04138178839,-70.00121439742153,-69.96097550796624,-69.920666373227,-69.88028825041204,-69.83984240052519,-69.79933008815482,-69.75875258126169,-69.71811115096564,-69.67740707133129,-69.63664161915263,-69.5958160737368,-69.55493171668691,-69.51398983168407,-69.47299170426864,-69.4319386216208,-69.39083187234053,-69.3496727462269,-69.30846253405696,-69.26720252736412,-69.22589401821617,-69.18453829899292,-69.1431366621637,-69.10169040006453,-69.06020080467519,-69.01866916739628,-68.97709677882624,-68.93548492853836,-68.89383490485804,-68.8521479946401,-68.81042548304649,-68.76866865332414,-68.72687878658334,-68.68505716157651,-68.64320505447742,-68.60132373866111,-68.55941448448431,-68.51747855906666,-68.47551722607265,-68.43353174549439,-68.39152337343528,-68.3494933618946,-68.30744295855321,-68.26537340656022,-68.22328594432084,-68.18118180528545,-68.13906221773995,-68.09692840459736,-68.0547815831909,-68.01262296506839,-67.97045375578827,-67.92827515471714,-67.88608835482891,-67.8438945425056,-67.80169489733989,-67.75949059193952,-67.71728279173342,-67.6750726547798,-67.63286133157615,-67.59064996487132,-67.54843968947951,-67.5062316320965,-67.46402691111794,-67.42182663645987,-67.37963190938146,-67.33744382231008,-67.29526345866863,-67.25309189270533,-67.21093018932588,-67.16877940392807,-67.12664058223892,-67.08451476015435,-67.04240296358137,-67.00030620828298,-66.95822549972561,-66.91616183292932,-66.87411619232064,-66.83208955158817,-66.79008287354098,-66.74809710996975,-66.70613320151072,-66.6641920775126,-66.62227465590612,-66.58038184307672,-66.53851453373991,-66.49667361081974,-66.45485994533003,-66.41307439625871,-66.37131781045501,-66.32959102251966,-66.28789485469805,-66.2462301167764,-66.20459760598092,-66.16299810687991,-66.12143239128895,-66.07990121817896,-66.0384053335874,-65.99694547053234,-65.95552234892952,-65.91413667551248,-65.87278914375554,-65.83148043379981,-65.79021121238212,-65.74898213276681,-65.70779383468059,-65.66664694425006,-65.62554207394234,-65.58447982250834,-65.543460774929,-65.50248550236424,-65.46155456210468,-65.42066849752618,-65.37982783804698,-65.33903309908754,-65.29828478203312,-65.25758337419876,-65.21692934879702,-65.17632316490813,-65.1357652674526,-65.0952560871664,-65.05479604057835,-65.01438552998995,-64.97402494345752,-64.93371465477651,-64.89345502346804,-64.85324639476755,-64.81308909961558,-64.77298345465049,-64.73292976220318,-64.69292831029375,-64.65297937262989,-64.61308320860715,-64.57324006331088,-64.53345016751976,-64.49371373771099,-64.45403097606692,-64.4144020704831,-64.37482719457778,-64.33530650770251,-64.29584015495422,-64.25642826718813,-64.21707096103192,-64.17776833890079,-64.13852048901343,-64.09932748540876,-64.06018938796345,-64.02110624241001,-63.982078080355535,-63.94310491930075,-63.90418676265959,-63.86532359977896,-63.82651540595871,-63.78776214247172,-63.749063756583986,-63.71042018157457,-63.67183133675541,-63.633297127490806,-63.59481744521653,-63.55639216745841,-63.5180211578504,-63.47970426615182,-63.44144132826393,-63.403232166245466,-63.36507658832727,-63.32697438892569,-63.2889253486548,-63.250929234337235,-63.21298579901358,-63.175094781950136,-63.13725590864503,-63.09946889083246,-63.061733426485034,-63.02404919981399,-62.98641588126729,-62.94883312752536,-62.91130058149437,-62.87381787229698,-62.83638461526032,-62.7990004119012,-62.76166484990826,-62.72437750312107,-62.68713793150593,-62.64994568112826,-62.612800284121455,-62.575701258652046,-62.53864810888096,-62.50164032492084,-62.46467738278914,-62.4277587443569,-62.390883857293055,-62.35405215500405,-62.31726305656862,-62.280515966667586,-62.243810275508416,-62.20714535874445,-62.17052057738852,-62.13393527772086,-62.09738879119098,-62.06088043431348,-62.02440950855743,-61.98797530022915,-61.95157708034825,-61.91521410451659,-61.87888561278001,-61.842590829482525,-61.80632896311281,-61.77009920614269,-61.733900734857315,-61.69773270917688,-61.66159427246951,-61.62548455135501,-61.58940265549934,-61.553347677399316,-61.51731869215731,-61.481314757245684,-61.44533491226052,-61.409378178664355,-61.37344355951755,-61.33753003919792,-61.30163658310829,-61.26576213737144,-61.22990562851221,-61.194065963126235,-61.158242027534826,-61.12243268742567,-61.08663678747876,-61.05085315097709,-61.01508057940165,-60.97931785201009,-60.94356372539863,-60.90781693304652,-60.872076184842506,-60.836340166592706,-60.80060753950921,-60.7648769396787,-60.72914697751052,-60.69341623716326,-60.65768327594936,-60.62194662371665,-60.58620478220626,-60.55045622438587,-60.5146993937575,-60.478932703638876,-60.44315453641733,-60.40736324277542,-60.37155714088691,-60.33573451558232,-60.29989361748263,-60.264032662100114,-60.22814982890492,-60.19224326035617,-60.15631106089614,-60.1203512959061,-60.08436199062235,-60.0483411290108,-60.01228665259851,-59.97619645926044,-59.94006840195959,-59.90390028743871,-59.867689874861476,-59.831434874401204,-59.79513294577481,-59.7587816967198,-59.72237868141189,-59.68592139882071,-59.64940729100107,-59.61283374131687,-59.576198072594934,-59.53949754520558,-59.5027293550668,-59.46589063156873,-59.42897843541481,-59.39198975637596,-59.35492151095389,-59.31777053994944,-59.28053360593162,-59.24320739060283,-59.20578849205545,-59.16827342191485,-59.130658602363404,-59.09294036304002,-59.055114937809236,-59.017178461393705,-58.97912696586352,-58.94095637697547,-58.90266251035488,-58.864241067512424,-58.82568763168771,-58.786997663511045,-58.74816649647435,-58.70918933220151,-58.67006123550816,-58.63077712923992,-58.59133178887796,-58.551719836899615,-58.51193573688142,-58.47197378733093,-58.431828115233074,-58.39149266929569,-58.35096121287821,-58.3102273165863,-58.269284350514155,-58.22812547611526,-58.1867436376809,-58.145131553404646,-58.10328170600944,-58.06118633291263,-58.01883741590244,-57.9762266702979,-57.933345533562154,-57.89018515333732,-57.84673637486668,-57.80298972776794,-57.758935412118596,-57.714563283811955,-57.66986283913934,-57.62482319855101,-57.579433089544985,-57.53368082862928,-57.487554302299266,-57.441040946967576,-57.394127727779484,-57.346801116241764,-57.299047066587654,-57.250850990794845,-57.2021977321671,-57.153071537383354,-57.10345602691074,-57.05333416366999,-57.00268821983294,-56.95149974162247,-56.899749511974655,-56.84741751091195,-56.79448287346379,-56.74092384495755,-56.68671773348836,-56.631840859360096,-56.5762685012725,-56.519974839010096,-56.46293289236768,-56.40511445602406,-56.346490030050376,-56.28702874571165,-56.22669828618948,-56.165464801820164,-56.10329281940553,-56.04014514511257,-55.97598276043293,-55.910764710623276,-55.844447984992186,-55.77698738833789,-55.70833540277342,-55.638442039099985,-55.56725467680582,-55.49471789167419,-55.42077326988055,-55.3453592073426,-55.268410692957964,-55.189859074219115,-55.10963180353337,-55.02765216339416,-54.943838968346064,-54.85810624145701,-54.770362862753394,-54.680512186783645,-54.58845162614784,-54.49407219746104,-54.3972580257988,-54.297885803198575,-54.19582419625173,-54.090933197208145,-53.98306341231794,-53.872055280339204,-53.75773821323216,-53.63992965002064,-53.5184340136107,-53.3930415589887,-53.263527099649124,-53.129648597291585,-52.9911455977369,-52.847737493597315,-52.699121591439514,-52.54497095793565,-52.384932015728594,-52.21862185535052,-52.045625224417776,-51.86549114934924,-51.677729137862485,-51.481804902306536,-51.27713553426871,-51.06308404958177,-50.83895320954019,-50.60397850843567,-50.3573201989963,-50.098054205433996,-49.82516174794813,-49.53751747197377,-49.233875839354596,-48.91285549599647,-48.5729212803291,-48.212363477878434,-47.82927385818172,-47.421517949944295,-46.98670291772353,-46.52214029799809,-46.02480273466564,-45.49127372597106,-44.91768926173429,-44.29967010157848,-43.63224333967331,-42.90975184995263,-42.12575025822231,-41.272886324807246,-40.34276717026682,-39.32581083298283,-38.211085507894104,-36.986141922230345,-35.63684930152695,-34.14725318571649,-32.49948523831448,-30.673772823365034,-28.648621537344404,-26.401279120372735,-23.90863512009572,-21.14876401368353,-18.10336603637313,-14.761363419308383,-11.123799350220235,-7.209859632585525,-3.0632044950968567,1.24309294794877,5.6055110671297275,9.89549362260501,13.97242566557819,17.702380860049313,20.977755674351467,23.73167580575002,25.942886785157043,27.630776233221212,28.843788047079702,29.64589272656071,30.104894170299335,30.284407808808908,30.23960424713195,30.01585248800471,29.649160873253177,29.167490609543822,28.592323450448347,27.94014275404829,27.223681571436057,26.4529053200025,25.635752312345566,24.778675846380267,23.88703360100651,22.965364178162258,22.01758243777779,21.047117429567393,20.057010214306047,19.049983852661544,18.028494148643045,16.99476709525016,15.95082711740256,14.898518922515736,13.839524884581634,12.775379281044467,11.707480286486204,10.637100342872456,9.56539533139071,8.493412837393926,7.42209970832059,6.352309041524669,5.284806695721782,4.22027739008082,3.1593304346287874,2.1025051216705313,1.050275798332616,0.0030566337200155225,-1.0387939104466404,-2.074968900140156,-3.1052090371395016,-4.129299053683379,-5.147064393937808,-6.158368183871926,-7.163108492316114,-8.161215887045199,-9.152651290686517,-10.137404142073674,-11.115490869308443,-12.086953681201017,-13.051859683869138,-14.010300329023055,-14.962391199781353,-15.908272138694944,-16.84810772095694,-17.782088073517468,-18.710430037997043,-19.633378671917754,-20.55120907889002,-21.464228554067873,-22.37277902649692,-23.277239775009726,-24.17803038914515,-25.075613941220777,-25.97050033015203,-26.86324975178444,-27.754476244164277,-28.64485124894975,-29.535107121511494,-30.426040511436124,-31.318515521148136,-32.21346653197764,-33.11190056274045,-34.01489899402455,-34.923618449911864,-35.839290575622485,-36.76322038223668,-37.696782745919656,-38.64141654686755,-39.59861581102951,-40.56991707523,-41.55688203534493,-42.56107436270815,-43.584029396074044,-44.627215252894544,-45.691983782700255,-46.77950974973623,-47.89071674289413,-49.02618865157902,-50.186066222908,-51.36992935458866,-52.57666751149004,-53.804343093073086,-55.05005576278066,-56.30981957168479,-57.57846881559669,-58.849612262670746,-60.115657583708334,-61.36792708027874,-62.596880639949234,-63.792451219154344,-64.94448221743686,-66.04323687551768,-67.07993135208403,-68.04723074613388,-68.93964591249384,-69.75378072008004,-70.4884025642013,-71.14433770708308,-71.72421979287643,-72.23213816058718,-72.67323920025422,-73.05332970220925,-73.37851947097073,-73.65492587901039,-73.88844929650722,-74.08461771956345,-74.24849217004088,-74.38462120741914,-74.49703229332161,-74.58924879923643,-74.66432331511943,-74.7248800111361,-74.77316077143256,-74.81107148418965,-74.84022618405733,-74.86198771861845,-74.87750429968415,-74.88774176253129,-74.89351164832392,-74.89549539507462,-74.89426500872138,-74.89030061688798,-74.88400530435592,-74.87571760561539,-74.8657219957772,-74.85425768289687,-74.84152596627575,-74.82769638882056,-74.81291187824225,-74.7972930422525,-74.78094175703816,-74.76394416598787,-74.74637318660672,-74.72829060742656,-74.7097488431336,-74.69079240474005,-74.67145913209953,-74.65178122812011,-74.63178612741389,-74.61149722662019,-74.59093449906946,-74.57011501265875,-74.54905336665767,-74.52776206054725,-74.5062518058198,-74.48453178986321,-74.46260989955103,-74.44049291091223,-74.41818665021529,-74.39569613093587,-74.37302567035641,-74.35017898894402,-74.327159295151,-74.30396935786223,-74.28061156836249,-74.25708799340298,-74.23340042069935,-74.20955039798741,-74.18553926658822,-74.16136819028911,-74.13703818022366,-74.11255011633041,-74.08790476588284,-74.0631027995093,-74.0381448050594,-74.01303129962072,-73.98776273994481,-73.96233953150401,-73.93676203636828,-73.91103058006387,-73.88514545755274,-73.85910693845172,-73.8329152715934,-73.8065706890168,-73.78007340946326,-73.7534236414426,-73.72662158592567,-73.69966743871171,-73.67256139251232,-73.64530363878814,-73.61789436936967,-73.59033377788921,-73.56262206104753,-73.53475941973555,-73.50674606002889,-73.4785821940707,-73.45026804085613,-73.42180382693012,-73.3931897870088,-73.36442616453333,-73.33551321216397,-73.30645119222118,-73.27724037707964,-73.24788104952057,-73.21837350304669,-73.18871804216396,-73.15891498263358,-73.12896465169734,-73.09886738827907,-73.06862354316443,-73.0382334791614,-73.00769757124304,-72.97701620667439,-72.94618978512476,-72.91521871876684,-72.88410343236364,-72.85284436334435,-72.82144196186984,-72.78989669088882,-72.75820902618511,-72.72637945641678,-72.69440848314764,-72.6622966208716,-72.63004439703028,-72.59765235202428,-72.56512103921848,-72.53245102494155,-72.49964288848012,-72.46669722206768,-72.43361463086852,-72.40039573295688,-72.36704115929147,-72.33355155368554,-72.29992757277255,-72.26616988596771,-72.2322791754254,-72.19825613599254,-72.16410147515809,-72.12981591299878,-72.09540018212098,-72.06085502759899,-72.0261812069096,-71.9913794898632,-71.95645065853135,-71.9213955071708,-71.88621484214424,-71.85090948183759,-71.81548025657396,-71.77992800852437,-71.74425359161512,-71.7084578714321,-71.67254172512173,-71.6365060412889,-71.60035171989165,-71.5640796721329,-71.52769082034902,-71.4911860978954,-71.45456644902902,-71.4178328287881,-71.38098620286867,-71.34402754749846,-71.30695784930762,-71.2697781051969,-71.23248932220278,-71.19509251735988,-71.15758871756069,-71.11997895941248,-71.08226428909158,-71.044445762195,-71.00652444358936,-70.96850140725736,-70.93037773614157,-70.89215452198577,-70.85383286517383,-70.81541387456608,-70.77689866733333,-70.7382883687885,-70.69958411221599,-70.6607870386986,-70.62189829694242,-70.58291904309935,-70.54385044058758,-70.50469365990983,-70.46544987846964,-70.42612028038555,-70.38670605630335,-70.34720840320637,-70.30762852422386,-70.26796762843762,-70.22822693068672,-70.18840765137057,-70.14851101625024,-70.10853825624822,-70.06849060724649,-70.02836930988312,-69.98817560934738,-69.9479107551734,-69.9075760010325,-69.86717260452413,-69.82670182696562,-69.78616493318066,-69.74556319128669,-69.70489787248114,-69.66417025082666,-69.62338160303538,-69.58253320825227,-69.54162634783756,-69.50066230514847,-69.45964236532011,-69.41856781504576,-69.37743994235655,-69.33626003640047,-69.29502938722108,-69.25374928553556,-69.21242102251261,-69.1710458895499,-69.12962517805134,-69.08816017920415,-69.04665218375585,-69.00510248179116,-68.96351236250891,-68.92188311399909,-68.88021602301998,-68.83851237477552,-68.7967734526929,-68.75500053820058,-68.71319491050659,-68.67135784637742,-68.62949061991736,-68.58759450234842,-68.54567076179097,-68.50372066304504,-68.46174546737247,-68.41974643227981,-68.37772481130226,-68.33568185378846,-68.29361880468637,-68.2515369043303,-68.20943738822895,-68.16732148685487,-68.12519042543504,-68.08304542374286,-68.04088769589153,-67.9987184501289,-67.95653888863386,-67.91435020731421,-67.8721535956063,-67.82995023627626,-67.78774130522301,-67.74552797128311,-67.70331139603739,-67.66109273361954,-67.61887313052664,-67.57665372543173,-67.5344356489984,-67.49222002369754,-67.45000796362622,-67.40780057432876,-67.3655989526201,-67.32340418641147,-67.28121735453833,-67.2390395265908,-67.19687176274644,-67.15471511360552,-67.1125706200288,-67.07043931297788,-67.02832221335807,-66.98622033186392,-66.94413466882743,-66.90206621406885,-66.86001594675027,-66.81798483523188,-66.77597383693114,-66.73398389818455,-66.69201595411238,-66.65007092848617,-66.60814973359918,-66.56625327013958,-66.5243824270667,-66.48253808149006,-66.44072109855146,-66.39893233130988,-66.35717262062943,-66.31544279507025,-66.27374367078238,-66.23207605140256,-66.19044072795407,-66.14883847874957,-66.10727006929686,-66.06573625220766,-66.02423776710935,-65.98277534055981,-65.94134968596497,-65.8999615034996,-65.85861148003087,-65.81730028904494,-65.77602859057639,-65.73479703114067,-65.69360624366932,-65.65245684744816,-65.61134944805825,-65.57028463731974,-65.5292629932385,-65.48828507995549,-65.44735144769886,-65.40646263273891,-65.36561915734549,-65.32482152974829,-65.28407024409954,-65.2433657804394,-65.20270860466387,-65.16209916849509,-65.12153790945426,-65.0810252508368,-65.04056160168994,-65.00014735679261,-64.95978289663756,-64.91946858741572,-64.87920478100268,-64.83899181494726,-64.79883001246216,-64.75871968241651,-64.71866111933043,-64.67865460337137,-64.63870040035229,-64.59879876173153,-64.55894992461437,-64.51915411175615,-64.47941153156698,-64.4397223781178,-64.4000868311479,-64.3605050560737,-64.32097720399881,-64.28150341172513,-64.24208380176518,-64.2027184823553,-64.16340754746979,-64.12415107683594,-64.08494913594973,-64.04580177609215,-64.00670903434627,-63.967670933614606,-63.92868748263695,-63.88975867600856,-63.850884494198446,-63.81206490356787,-63.77329985638883,-63.73458929086246,-63.69593313113726,-63.65733128732708,-63.61878365552873,-63.58029011783905,-63.5418505423715,-63.50346478327201,-63.46513268073404,-63.42685406101276,-63.38862873643826,-63.350456505427545,-63.31233715249542,-63.274270448263934,-63.23625614947046,-63.19829399897411,-63.160383725760546,-63.1225250449449,-63.08471765777282,-63.04696125161943,-63.0092554999861,-62.971600062494936,-62.93399458488081,-62.896438698980795,-62.85893202272096,-62.821474160100244,-62.78406470117142,-62.74670322201888,-62.70938928473322,-62.67212243738234,-62.63490221397906,-62.59772813444498,-62.56059970457048,-62.523516415970754,-62.48647774603758,-62.44948315788681,-62.412532100301334,-62.37562400766935,-62.33875829991781,-62.30193438244078,-62.265151646022645,-62.22840946675588,-62.191707205953215,-62.15504421005407,-62.118419810524934,-62.08183332375357,-62.04528405093686,-62.008771277961955,-61.972294275280646,-61.93585229777661,-61.899444584625414,-61.863070359146874,-61.82672882864973,-61.79041918426816,-61.75414060079007,-61.71789223647674,-61.681673232873614,-61.64548271461192,-61.6093197892009,-61.573183546810185,-61.53707306004215,-61.50098738369385,-61.46492555450821,-61.42888659091412,-61.39286949275504,-61.356873241005836,-61.32089679747732,-61.2849391045082,-61.248999084644005,-61.21307564030251,-61.17716765342523,-61.14127398511454,-61.10539347525594,-61.06952494212494,-61.03366718197806,-60.997818968627364,-60.96197905299808,-60.926146162668594,-60.89031900139227,-60.85449624860051,-60.8186765588863,-60.782858561467656,-60.74704085963018,-60.711222030148086,-60.67540062268281,-60.63957515915851,-60.60374413311354,-60.56790600902708,-60.53205922162,-60.49620217512903,-60.460333242553155,-60.424450764871395,-60.388553050230705,-60.352638373102955,-60.31670497340988,-60.28075105561462,-60.24477478777878,-60.20877430058344,-60.172747686312945,-60.13669299779986,-60.10060824732965,-60.064491405503404,-60.02834040005704,-59.99215311463518,-59.955927387517846,-59.919661010298114,-59.88335172650867,-59.84699723019523,-59.81059516443451,-59.774143119794566,-59.73763863273499,-59.701079183944444,-59.66446219661285,-59.627785034635515,-59.59104500074612,-59.554239334575605,-59.51736521063367,-59.48041973620944,-59.4433999491878,-59.406302815777565,-59.369125228147595,-59.33186400196662,-59.29451587384245,-59.257077498655946,-59.219545446784906,-59.18191620121272,-59.14418615451648,-59.10635160572877,-59.06840875706726,-59.03035371052572,-58.99218246431984,-58.953890909180764,-58.91547482448907,-58.876929874241156,-58.838251602839975,-58.799435430701216,-58.760476649665755,-58.72137041820865,-58.682111756434225,-58.64269554084642,-58.603116498882734,-58.56336920319957,-58.5234480656959,-58.483347331261534,-58.443061071235334,-58.40258317655796,-58.36190735060254,-58.32102710166596,-58.279935735102136,-58.238626345077535,-58.19709180592807,-58.15532476309498,-58.11331762361608,-58.071062546146976,-58.02855143048553,-57.985775906570794,-57.942727322925904,-57.89939673451232,-57.8557748899607,-57.81185221814119,-57.767618814033575,-57.72306442385478,-57.678178429398514,-57.632949831538504,-57.58736723284338,-57.54141881924764,-57.49509234071913,-57.44837509085909,-57.40125388536617,-57.353715039290954,-57.30574434300176,-57.257327036776836,-57.20844778393145,-57.15909064238163,-57.109239034538504,-57.058875715419084,-57.00798273885043,-56.95654142163434,-56.90453230552908,-56.851935116893216,-56.79872872382386,-56.744891090608036,-56.69039922929069,-56.635229148146514,-56.579355796824665,-56.52275300791588,-56.46539343466968,-56.40724848456578,-56.34828824841773,-56.288481424658094,-56.22779523842298,-56.16619535501912,-56.10364578731828,-56.04010879658151,-55.97554478616927,-55.909912187541686,-55.843167337896006,-55.77526434872535,-55.70615496451214,-55.635788410692,-55.564111229937005,-55.49106710571062,-55.41659667193918,-55.34063730752468,-55.26312291428958,-55.1839836767944,-55.10314580230082,-55.020531238964985,-54.936057370133796,-54.84963668237982,-54.761176404642384,-54.67057811554104,-54.5777373155867,-54.482542960630994,-54.384876952458065,-54.284613581928966,-54.18161891952713,-54.075750147515016,-53.96685482718442,-53.85477009385322,-53.7393217713125,-53.62032339634242,-53.49757514267017,-53.370862632313255,-53.239955620606395,-53.10460653931401,-52.96454888004119,-52.81949539762411,-52.669136110247365,-52.51313606963074,-52.3511328706688,-52.18273386529522,-52.007513039962575,-51.825007509838414,-51.63471357545371,-51.436082278902454,-51.22851438654516,-51.01135471323324,-50.78388568901078,-50.5453200526662,-50.29479253692666,-50.03135038695286,-49.75394252644328,-49.46140715332561,-49.152457508808936,-48.82566551847671,-48.47944295098112,-48.11201967752193,-47.72141854238396,-47.305426270163764,-46.8615597380005,-46.3870268308001,-45.878680974923626,-45.33296831396958,-44.74586635546959,-44.112812791621046,-43.4286231019053,-42.68739551646873,-41.88240201505586,-41.005964350486515,-40.04931476423587,-39.00244232902858,-37.853928048300666,-36.5907754669317,-35.198249330056214,-33.65974379661801,-31.956715278180386,-30.0687349536931,-27.973744541313874,-25.648637905033624,-23.07034061229516,-20.21761384991234,-17.07384830875252,-13.631091250644726,-9.895382306672433,-5.893052242545831,-1.6769002460350375,2.669765860440915,7.033900575890679,11.280603685135924,15.268433463304863,18.869262267196618,21.987031862992673,24.56947684978751,26.60963966176723,28.138171769873118,29.210477395866775,29.893337851291474,30.254238501942847,30.354601538963934,30.246599361199994,29.97252285302718,29.565618463873296,29.05155842395972,28.450021545531047,27.776117252950417,27.041552775304673,26.25553573874163,25.42544608346897,24.557323825500415,23.656217480121782,22.72643067215245,21.77169606116802,20.79529816837911,19.800160630374346,18.788908826818133,17.763915501831697,16.727334639567914,15.681127208261735,14.627081249813056,13.566828010971088,12.501855277434686,11.43351870638443,10.363051702664679,9.29157421240566,8.220100690332153,7.149547416334494,6.0807392814857,5.0144161256583635,3.951238682798488,2.8917941720185785,1.836601560401137,0.7861165149716716,-0.2592639445313669,-1.2991970845514833,-2.3333903836764347,-3.3615977432686144,-4.383615982093959,-5.399281615718895,-6.408467922702476,-7.411082300745473,-8.407063916988987,-9.396381657574192,-10.379032382350953,-11.355039491209807,-12.324451808851487,-13.287342794835665,-14.243810085399902,-15.19397537274755,-16.137984626213967,-17.07600865789285,-18.00824403291467,-18.93491432161634,-19.85627168734787,-20.772598799675656,-21.68421105833052,-22.5914591084927,-23.494731622987718,-24.394458321751056,-25.291113193533807,-26.185217879228702,-27.07734517026591,-27.968122569006308,-28.85823585053711,-29.748432556156107,-30.639525337310292,-31.53239505379334,-32.42799351031495,-33.32734568958681,-34.23155130602295,-35.141785459987915,-36.05929811601562,-36.9854120572298,-37.92151888003676,-38.8690724860468,-39.82957940083901,-40.80458510168797,-41.79565537109786,-42.804351516004324,-43.83219811550367,-44.880641802879694,-45.95099948198932,-47.04439437063962,-48.16167842081783,-49.303340076567174,-50.46939710707889,-51.65927552494243,-52.87167749863762,-54.104443793921504,-55.354419643006715,-56.61733688646338,-57.887729333751196,-59.15890175285103,-60.42297453655039,-61.67102441661914,-62.89333515772959,-64.07976013870184,-65.22018167374326,-66.30503236910583,-67.3258262388516,-68.27563715678589,-69.14946395550837,-69.94443644139734,-70.65984185689754,-71.29698040844782,-71.85888376116696,-72.34994601518792,-72.77552042994128,-73.14152863274347,-73.45411619550848,-73.71937372655833,-73.94312946351019,-74.13080964414199,-74.28735709606612,-74.41719599071362,-74.52423060637258,-74.61186727244677,-74.68305064371215,-74.74030754875488,-74.78579356547337,-74.82133906042462,-74.84849265721913,-74.86856100055095,-74.88264431105037,-74.89166764191108,-74.89640800627045,-74.89751769047092,-74.89554413838793,-74.89094681258229,-74.8841114281496,-74.87536192792683,-74.86497053192865,-74.85316615513324,-74.84014144944204,-74.82605868974535,-74.81105469151507,-74.79524491857805,-74.77872691469294,-74.76158317103962,-74.74388352341039,-74.72568715739861,-74.70704428684732,-74.68799755990021,-74.668583237875,-74.6488321845757,-74.62877069733284,-74.60842120580149,-74.58780286017759,-74.56693202686613,-74.54582270662297,-74.52448688769182,-74.50293484438126,-74.48117538980199,-74.45921609005023,-74.43706344593058,-74.41472304731911,-74.39219970444091,-74.36949755964648,-74.34662018269707,-74.32357065208848,-74.3003516245416,-74.27696539445236,-74.25341394481221,-74.22969899087508,-74.20582201764853,-74.18178431212097,-74.15758699099689,-74.13323102459478,-74.10871725746301,-74.08404642618578,-74.05921917478024,-74.03423606802671,-74.0090976030231,-73.98380421921206,-73.95835630709328,-73.93275421580226,-73.90699825971105,-73.88108872418401,-73.855025870603,-73.8288099407598,-73.80244116070024,-73.77591974409258,-73.74924589518254,-73.72241981138899,-73.6954416855866,-73.6683117081159,-73.6410300685552,-73.61359695728474,-73.5860125668689,-73.55827709327916,-73.5303907369775,-73.50235370387718,-73.47416620619585,-73.44582846321377,-73.41734070194855,-73.388703157756,-73.35991607486598,-73.33097970686036,-73.30189431709995,-73.2726601791059,-73.24327757690075,-73.2137468053134,-73.18406817025198,-73.15424198894779,-73.12426859017363,-73.09414831443877,-73.06388151416307,-73.0334685538323,-73.00290981013622,-72.97220567209136,-72.94135654114949,-72.91036283129327,-72.87922496912012,-72.84794339391517,-72.81651855771429,-72.78495092535775,-72.75324097453539,-72.72138919582375,-72.68939609271573,-72.6572621816432,-72.6249879919931,-72.59257406611714,-72.56002095933584,-72.5273292399367,-72.49449948916715,-72.46153230122235,-72.42842828322803,-72.39518805521868,-72.36181225011107,-72.32830151367335,-72.29465650448996,-72.26087789392226,-72.22696636606508,-72.1929226176995,-72.15874735824143,-72.1244413096867,-72.0900052065522,-72.0554397958135,-72.02074583683874,-71.98592410131914,-71.95097537319585,-71.91590044858344,-71.88070013569005,-71.845375254734,-71.80992663785727,-71.7743551290356,-71.73866158398533,-71.70284687006715,-71.6669118661865,-71.63085746269094,-71.59468456126442,-71.55839407481835,-71.52198692737977,-71.48546405397637,-71.44882640051858,-71.4120749236787,-71.37521059076705,-71.33823437960531,-71.30114727839685,-71.26395028559438,-71.2266444097646,-71.1892306694503,-71.15171009302948,-71.11408371857193,-71.07635259369303,-71.0385177754049,-71.00058032996502,-70.96254133272217,-70.9244018679599,-70.88616302873741,-70.84782591672806,-70.80939164205533,-70.77086132312648,-70.7322360864638,-70.69351706653353,-70.6547054055726,-70.61580225341295,-70.57680876730386,-70.53772611173196,-70.49855545823924,-70.45929798523896,-70.41995487782953,-70.3805273276064,-70.3410165324721,-70.30142369644427,-70.26175002946205,-70.22199674719046,-70.18216507082325,-70.14225622688392,-70.1022714470252,-70.06221196782693,-70.02207903059234,-69.981873881143,-69.94159776961223,-69.90125195023715,-69.8608376811495,-69.82035622416517,-69.77980884457241,-69.73919681091917,-69.69852139479904,-69.65778387063642,-69.61698551547055,-69.57612760873874,-69.53521143205872,-69.49423826901011,-69.45320940491537,-69.41212612661984,-69.37098972227136,-69.32980148109924,-69.28856269319277,-69.24727464927939,-69.20593864050235,-69.16455595819822,-69.12312789367407,-69.08165573798453,-69.04014078170877,-68.99858431472737,-68.95698762599925,-68.91535200333873,-68.87367873319263,-68.83196910041777,-68.7902243880585,-68.74844587712485,-68.70663484637085,-68.6647925720735,-68.62292032781218,-68.58101938424869,-68.53909100890797,-68.49713646595953,-68.45515701599967,-68.4131539158346,-68.37112841826442,-68.32908177186813,-68.28701522078967,-68.24493000452506,-68.20282735771072,-68.160708509913,-68.11857468541902,-68.07642710302892,-68.03426697584935,-67.99209551108864,-67.94991390985331,-67.90772336694634,-67.86552507066693,-67.82332020261207,-67.78110993747977,-67.73889544287421,-67.69667787911266,-67.65445839903434,-67.61223814781131,-67.5700182627613,-67.52779987316259,-67.48558410007118,-67.4433720561399,-67.40116484543992,-67.35896356328436,-67.3167692960544,-67.27458312102755,-67.2324061062084,-67.19023931016187,-67.14808378184877,-67.105940560464,-67.0638106752773,-67.02169514547649,-66.97959498001343,-66.93751117745259,-66.8954447258223,-66.85339660246872,-66.81136777391258,-66.76935919570866,-66.72737181230809,-66.68540655692345,-66.64346435139676,-66.60154610607026,-66.55965271966016,-66.51778507913322,-66.47594405958631,-66.43413052412885,-66.39234532376823,-66.35058929729817,-66.30886327119009,-66.26716805948737,-66.22550446370268,-66.18387327271816,-66.14227526268881,-66.10071119694861,-66.05918182591981,-66.01768788702508,-65.97623010460273,-65.93480918982488,-65.89342584061845,-65.85208074158932,-65.8107745639493,-65.76950796544595,-65.72828159029555,-65.68709606911862,-65.64595201887862,-65.60485004282327,-65.56379073042883,-65.52277465734711,-65.48180238535525,-65.44087446230824,-65.39999142209417,-65.35915378459212,-65.31836205563275,-65.27761672696137,-65.23691827620372,-65.19626716683419,-65.1556638481465,-65.11510875522691,-65.07460230892973,-65.03414491585521,-64.99373696832976,-64.95337884438834,-64.9130709077591,-64.8728135078502,-64.83260697973856,-64.79245164416079,-64.75234780750604,-64.71229576181072,-64.67229578475512,-64.63234813966173,-64.59245307549537,-64.55261082686492,-64.51282161402659,-64.4730856428888,-64.43340310501841,-64.39377417764833,-64.35419902368643,-64.31467779172573,-64.27521061605556,-64.235797616674,-64.19643889930109,-64.15713455539304,-64.11788466215731,-64.07868928256823,-64.0395484653835,-64.00046224516103,-63.96143064227639,-63.92245366294059,-63.883531299218134,-63.84466352904527,-63.805850316248375,-63.767091610562275,-63.72838734764855,-63.689737449113586,-63.65114182252638,-63.612600361435895,-63.57411294538802,-63.53567943994183,-63.497299696685175,-63.458973553249514,-63.420700833323764,-63.38248134666714,-63.34431488912089,-63.30620124261873,-63.26814017519596,-63.230131440997084,-63.19217478028181,-63.15426991942938,-63.11641657094104,-63.07861443344053,-63.04086319167253,-63.00316251649888,-62.96551206489247,-62.92791147992865,-62.89036039077404,-62.85285841267263,-62.815405146928995,-62.77800018088849,-62.74064308791432,-62.7033334273613,-62.666070744546175,-62.628854570714374,-62.59168442300298,-62.554559804399844,-62.51748020369864,-62.48044509544969,-62.443453939906405,-62.406506182967235,-62.36960125611282,-62.332738576338315,-62.2959175460806,-62.259137553140285,-62.222397970598195,-62.18569815672632,-62.14903745489283,-62.11241519346114,-62.07583068568271,-62.03928322958336,-62.002772107842965,-61.966296587668204,-61.929855920658255,-61.89344934266307,-61.85707607363405,-61.82073531746692,-61.78442626183643,-61.748148078022716,-61.71189992072901,-61.67568092789039,-61.639490220473355,-61.603326902265835,-61.56719005965738,-61.53107876140921,-61.4949920584138,-61.45892898344357,-61.422888550888466,-61.38686975648197,-61.35087157701521,-61.31489297003871,-61.27893287355149,-61.242990205676946,-61.207063864325235,-61.17115272684157,-61.13525564964007,-61.09937146782261,-61.06349899478213,-61.02763702179007,-60.99178431756711,-60.95593962783687,-60.92010167486188,-60.88426915696125,-60.848440748009374,-60.81261509691502,-60.77679082708011,-60.74096653583756,-60.705140793867216,-60.669312144589405,-60.633479103535045,-60.59764015769161,-60.561793764824,-60.525938352769494,-60.49007231870567,-60.454194028390496,-60.418301815373376,-60.382393980176204,-60.346468789443186,-60.310524475058315,-60.27455923322925,-60.23857122353627,-60.20255856794505,-60.166519349781716,-60.130451612668836,-60.09435335942069,-60.058222550896296,-60.02205710480849,-59.98585489448722,-59.94961374759531,-59.91333144479465,-59.87700571836091,-59.84063425074452,-59.80421467307576,-59.76774456361165,-59.73122144612209,-59.694642788212825,-59.65800599958235,-59.62130843021014,-59.58454736847304,-59.547720039186814,-59.51082360156957,-59.47385514712353,-59.43681169743162,-59.399690201865056,-59.36248753519784,-59.32520049512411,-59.28782579967374,-59.25036008452169,-59.21279990018606,-59.17514170910979,-59.1373818826204,-59.09951669776228,-59.06154233399516,-59.02345486975267,-58.985250278854,-58.94692442676177,-58.90847306667843,-58.86989183547335,-58.83117624943219,-58.79232169981975,-58.75332344824686,-58.714176621831456,-58.67487620814339,-58.635417049921834,-58.595793839553615,-58.55600111329994,-58.51603324525847,-58.47588444104666,-58.43554873119162,-58.39501996421081,-58.35429179936675,-58.313357699078246,-58.27221092096915,-58.23084450953473,-58.18925128740439,-58.14742384617814,-58.10535453681271,-58.063035459531754,-58.02045845323278,-57.97761508436181,-57.93449663522472,-57.891094091702165,-57.847398130332834,-57.803399104727326,-57.75908703127237,-57.7144515740824,-57.66948202915234,-57.62416730766249,-57.57849591838264,-57.53245594911906,-57.48603504714366,-57.439220398540506,-57.39199870639999,-57.34435616778577,-57.29627844939417,-57.24775066181962,-57.1987573323331,-57.14928237607365,-57.09930906554511,-57.04881999830194,-56.997797062698915,-56.9462214015694,-56.894073373686304,-56.84133251284782,-56.7879774844174,-56.73398603913316,-56.6793349639867,-56.62400002995452,-56.56795593634674,-56.51117625151777,-56.45363334966152,-56.39529834338944,-56.336141011762976,-56.27612972342296,-56.215231354426024,-56.15341120036272,-56.090632882292816,-56.026858245990134,-55.96204725394133,-55.89615786949046,-55.82914593246248,-55.76096502553407,-55.69156633054825,-55.62089847388933,-55.548907359945936,-55.47553599159061,-55.400724276494714,-55.32440881797368,-55.24652268892055,-55.16699518723151,-55.085751570955075,-55.00271277120289,-54.91779508064309,-54.830909815153035,-54.74196294593291,-54.650854699071715,-54.55747911920683,-54.46172359352211,-54.363468331880725,-54.262585798380165,-54.15894008903838,-54.0523862496623,-53.94276952720016,-53.82992454702346,-53.71367440760579,-53.593829682945746,-53.47018732179577,-53.342529431282216,-53.21062193080252,-53.0742130601255,-52.93303172335777,-52.78678564782013,-52.63515933384266,-52.477811767962315,-52.314373867906944,-52.14444562297173,-51.96759288781698,-51.78334378119417,-51.59118463346805,-51.39055541783965,-51.18084458964323,-50.96138324569606,-50.731438501074926,-50.49020596346279,-50.23680116486133,-49.970249786418734,-49.68947648369469,-49.393292086078745,-49.08037890437472,-48.749273833717,-48.39834888383165,-48.02578870394688,-47.62956459412245,-47.20740440724098,-46.75675764554612,-46.27475494228927,-45.758160993946234,-45.203319875102274,-44.60609153390544,-43.96177814478333,-43.265038910997156,-42.509791902816794,-41.6891016529674,-40.79505161320743,-39.81860136593719,-38.7494299297456,-37.57576896937289,-36.28423376683178,-34.85966622232629,-33.28501404179966,-31.54128513496174,-29.60763800752406,-27.461699742736574,-25.080244731823786,-22.440418842177706,-19.52174709708221,-16.30919342743888,-12.797494113645609,-8.996770154419485,-4.938930830261969,-0.6835756604501722,3.678822554174257,8.02916476285414,12.22939925172882,16.139269153239017,19.63648952960834,22.634365077095612,25.091302771229067,27.00996936954973,28.427974081493087,29.404500268801634,30.007332717713012,30.30304158973937,30.3511062016479,30.201418868895885,29.894083241310806,29.460461474532387,28.924707055808973,28.305326731036022,27.61655048727432,26.86943668349934,26.072717874307397,25.23342615714653,24.35734508696902,23.44933160492924,22.513543585945754,21.55360029157797,20.572695784970172,19.573679654800532,18.559115128261727,17.531321572977546,16.4924062135231,15.444288375393121,14.388718526024894,13.327293666734779,12.261470139553458,11.192574577869467,10.121813500483395,9.050281891587426,7.978971001450791,6.908775528643526,5.840500293854476,4.774866480502008,3.7125174934212106,2.6540244705146985,1.5998914710080587,0.5505603562158905,-0.49358462663735114,-1.5322125507749844,-2.565041802374651,-3.591836357262314,-4.612402341480851,-5.626584876808856,-6.6342652135303934,-7.635358153865808,-8.629809770480534,-9.617595425378441,-10.598718095224132,-11.573207009675157,-12.541116609580248,-13.502525831848379,-14.457537727348882,-15.406279417303981,-16.348902392228304,-17.285583155518076,-18.21652421127647,-19.141955392885183,-20.062135525224296,-20.977354409355147,-21.88793511398552,-22.79423655321562,-23.696656324996358,-24.5956337794774,-25.491653280996342,-26.385247621807224,-27.27700153961073,-28.16755528424352,-29.05760817106141,-29.947922048971037,-30.839324598870313,-31.73271236235582,-32.629053379598105,-33.52938928766948,-34.434836694475514,-35.34658759670407,-36.26590855060278,-37.19413822958492,-38.132682910399254,-39.083009318011,-40.04663412739187,-41.0251092685984,-42.02000201289472,-43.03286863938316,-44.06522030693442,-45.11847960736089,-46.19392618732899,-47.29262984939028,-48.415369747978225,-49.56253877862126,-50.73403313485259,-51.929128409356586,-53.14634567152887,-54.383313748727815,-55.63663745542109,-56.90178554489682,-58.17301620074966,-59.44336105834563,-60.70468977650881,-61.947874550333616,-63.163066297958395,-64.34008098762025,-65.46887665525115,-66.54008209812048,-67.54552184536193,-68.47867421375906,-69.33500398540073,-70.11212892318613,-70.80980611873366,-71.42975305267845,-71.9753417650454,-72.45121753393914,-72.862894653724,-73.21637356162674,-73.51780991353654,-73.77325157453828,-73.98844699488656,-74.16871960684935,-74.31889785975247,-74.44328864067496,-74.54568212802542,-74.62937765813899,-74.69722222635843,-74.75165531772875,-74.79475560593822,-74.82828656343362,-74.85373917701253,-74.87237079828611,-74.88523973412177,-74.89323555804397,-74.89710535284985,-74.89747622098399,-74.89487445612689,-74.8897417817462,-74.88244904760035,-74.87330774539694,-74.86257966794327,-74.8504849972276,-74.8372090689761,-74.82290802603036,-74.80771354119814,-74.79173676230634,-74.77507160796473,-74.75779752177912,-74.73998177509785,-74.72168139346361,-74.70294476941235,-74.68381301376891,-74.66432108883049,-74.64449875953126,-74.62437139261031,-74.60396062875976,-74.58328494853934,-74.56236014936476,-74.5411997479887,-74.51981532049503,-74.49821678983542,-74.47641266928224,-74.45441026879618,-74.4322158701627,-74.40983487579848,-74.38727193533589,-74.36453105343135,-74.34161568169195,-74.3185287971529,-74.29527296935343,-74.2718504177358,-74.24826306082203,-74.22451255839631,-74.2006003477312,-74.17652767473534,-74.1522956207669,-74.12790512574311,-74.10335700808126,-74.07865198192626,-74.05379067205149,-74.0287736267628,-74.0036013290863,-73.97827420648002,-73.95279263927429,-73.92715696801578,-73.90136749986564,-73.87542451418011,-73.84932826738387,-73.82307899723106,-73.79667692653547,-73.7701222664397,-73.74341521928424,-73.71655598112808,-73.6895447439661,-73.66238169768211,-73.63506703177104,-73.60760093685953,-73.57998360604999,-73.5522152361103,-73.52429602852774,-73.49622619044415,-73.46800593548629,-73.43963548450417,-73.41111506622808,-73.38244491785402,-73.35362528556566,-73.32465642500019,-73.29553860166438,-73.26627209130638,-73.23685718024818,-73.20729416568298,-73.17758335594115,-73.14772507072817,-73.1177196413373,-73.08756741083975,-73.05726873425431,-73.02682397869854,-72.99623352352339,-72.96549776043246,-72.93461709358755,-72.90359193970157,-72.87242272811979,-72.84110990089052,-72.80965391282595,-72.77805523155385,-72.74631433756086,-72.71443172422791,-72.68240789785824,-72.65024337769854,-72.61793869595357,-72.58549439779458,-72.55291104136195,-72.52018919776228,-72.48732945106006,-72.45433239826446,-72.42119864931101,-72.38792882703882,-72.35452356716307,-72.3209835182432,-72.28730934164678,-72.25350171150934,-72.21956131469007,-72.18548885072353,-72.1512850317676,-72.11695058254763,-72.08248624029682,-72.04789275469298,-72.01317088779174,-71.97832141395618,-71.94334511978296,-71.90824280402511,-71.87301527751133,-71.83766336306198,-71.80218789540177,-71.76658972106918,-71.73086969832258,-71.69502869704326,-71.65906759863518,-71.62298729592166,-71.5867886930389,-71.55047270532647,-71.51404025921475,-71.47749229210935,-71.44082975227249,-71.40405359870154,-71.3671648010045,-71.33016433927271,-71.2930532039506,-71.25583239570265,-71.21850292527752,-71.18106581336943,-71.14352209047681,-71.10587279675819,-71.06811898188549,-71.03026170489458,-70.99230203403332,-70.9542410466069,-70.91607982882084,-70.8778194756213,-70.83946109053298,-70.80100578549471,-70.76245468069244,-70.72380890439007,-70.68506959275783,-70.64623788969851,-70.6073149466714,-70.568301922514,-70.52919998326168,-70.49001030196519,-70.45073405850611,-70.41137243941034,-70.37192663765954,-70.33239785250073,-70.29278728925402,-70.25309615911843,-70.21332567897605,-70.17347707119444,-70.13355156342733,-70.0935503884137,-70.05347478377534,-70.01332599181286,-69.97310525930025,-69.932813837278,-69.89245298084492,-69.85202394894861,-69.81152800417473,-69.77096641253505,-69.73034044325438,-69.68965136855644,-69.64890046344873,-69.60808900550639,-69.5672182746552,-69.52628955295378,-69.48530412437493,-69.44426327458635,-69.4031682907306,-69.3620204612046,-69.32082107543842,-69.2795714236738,-69.23827279674214,-69.19692648584213,-69.15553378231722,-69.11409597743273,-69.07261436215289,-69.03109022691781,-68.98952486142034,-68.947919554383,-68.90627559333514,-68.86459426438998,-68.8228768520222,-68.78112463884563,-68.7393389053913,-68.69752092988607,-68.65567198803151,-68.61379335278359,-68.57188629413277,-68.52995207888489,-68.4879919704428,-68.44600722858877,-68.4039991092677,-68.36196886437143,-68.31991774152394,-68.27784698386756,-68.23575782985044,-68.19365151301508,-68.1515292617882,-68.1093922992718,-68.0672418430357,-68.02507910491144,-67.98290529078768,-67.94072160040713,-67.89852922716507,-67.85632935790959,-67.81412317274344,-67.77191184482774,-67.72969654018746,-67.68747841751876,-67.64525862799832,-67.6030383150946,-67.56081861438116,-67.51860065335204,-67.47638555123926,-67.43417441883255,-67.39196835830127,-67.34976846301856,-67.30757581738791,-67.26539149667198,-67.2232165668239,-67.18105208432094,-67.13889909600078,-67.09675863890018,-67.05463174009623,-67.01251941655025,-66.97042267495429,-66.92834251158027,-66.88627991213183,-66.84423585159888,-66.802211294115,-66.76020719281743,-66.71822448971007,-66.67626411552914,-66.63432698961181,-66.5924140197676,-66.55052610215279,-66.50866412114758,-66.46682894923632,-66.4250214468906,-66.38324246245529,-66.34149283203756,-66.29977337939887,-66.2580849158499,-66.21642824014852,-66.17480413840065,-66.13321338396419,-66.09165673735596,-66.05013494616148,-66.00864874494788,-65.96719885517969,-65.92578598513764,-65.8844108298404,-65.84307407096931,-65.80177637679591,-65.76051840211258,-65.71930078816591,-65.67812416259304,-65.63698913936085,-65.595896318708,-65.5548462870897,-65.51383961712543,-65.47287686754922,-65.43195858316285,-65.39108529479164,-65.35025751924292,-65.30947575926714,-65.26874050352163,-65.22805222653675,-65.1874113886848,-65.14681843615116,-65.10627380090806,-65.06577790069052,-65.02533113897486,-64.98493390495932,-64.94458657354696,-64.90428950533078,-64.86404304658095,-64.82384752923404,-64.78370327088442,-64.7436105747774,-64.70356972980449,-64.66358101050028,-64.62364467704127,-64.58376097524625,-64.54393013657842,-64.50415237814903,-64.46442790272246,-64.42475689872285,-64.38513954024195,-64.34557598704835,-64.3060663845978,-64.26661086404474,-64.22720954225483,-64.18786252181843,-64.14856989106501,-64.10933172407827,-64.07014808071207,-64.03101900660688,-63.991944533206855,-63.95292467777729,-63.91395944342249,-63.87504881910387,-63.8361927796582,-63.79739128581601,-63.75864428421992,-63.719951707442824,-63.681313474005954,-63.642729488396554,-63.60419964108516,-63.56572380854237,-63.527301853255025,-63.48893362374157,-63.45061895456671,-63.412357666354985,-63.37414956580346,-63.33599444569306,-63.29789208489881,-63.259842248398584,-63.221844687280345,-63.183899138747826,-63.146005326124424,-63.108162958855225,-63.07037173250707,-63.032631328766506,-62.994941415435484,-62.9573016464247,-62.91971166174445,-62.882171087492836,-62.84467953584122,-62.80723660501681,-62.769841879282126,-62.732494928911365,-62.6951953101634,-62.657942565251325,-62.62073622230836,-62.58357579534998,-62.54646078423215,-62.509390674605434,-62.472364937864846,-62.43538303109534,-62.39844439701266,-62.36154846389947,-62.32469464553652,-62.28788234112873,-62.25111093522598,-62.21437979763839,-62.17768828334591,-62.1410357324021,-62.10442146983178,-62.06784480552238,-62.03130503410883,-61.994801434851745,-61.95833327150858,-61.9218997921977,-61.885500229255,-61.84913379908287,-61.81279970199124,-61.776497122030456,-61.74022522681577,-61.703983167343026,-61.667770077795446,-61.63158507534105,-61.59542725992054,-61.55929571402524,-61.523189502464845,-61.487107672124615,-61.45104925171161,-61.415013251489746,-61.378998663003166,-61.34300445878763,-61.30702959206951,-61.27107299645193,-61.23513358558771,-61.199210252838675,-61.16330187092072,-61.12740729153438,-61.091525344980276,-61.05565483975892,-61.01979456215447,-60.98394327580173,-60.94809972123594,-60.912262615424744,-60.876430651281666,-60.840602497160496,-60.80477679632993,-60.76895216642775,-60.733127198893804,-60.69730045838108,-60.66147048214405,-60.625635779403495,-60.589794830686955,-60.55394608714389,-60.51808796983469,-60.482218868992476,-60.44633714325681,-60.410441118878175,-60.3745290888921,-60.33859931226193,-60.30265001298888,-60.26667937918826,-60.230685562130496,-60.194666675245564,-60.158620793089504,-60.122545950271444,-60.08644014033961,-60.0503013146247,-60.01412738103886,-59.977916202828595,-59.941665597279616,-59.90537333437174,-59.869037135381774,-59.83265467143227,-59.796223561983815,-59.75974137326857,-59.723205616662575,-59.686613746994176,-59.649963160785894,-59.613251194426866,-59.57647512227282,-59.5396321546705,-59.50271943590315,-59.46573404205362,-59.42867297878141,-59.39153317900986,-59.35431150051935,-59.31700472344231,-59.279609547655554,-59.24212259006521,-59.20454038177928,-59.1668593651626,-59.129075890768675,-59.091186214142596,-59.05318649248891,-59.01507278119796,-58.97684103022387,-58.93848708030707,-58.90000665903356,-58.86139537672313,-58.82264872213791,-58.78376205800227,-58.74473061632467,-58.705549493511434,-58.66621364526178,-58.626717881232906,-58.58705685946329,-58.547225080541516,-58.5072168815074,-58.46702642947112,-58.42664771493551,-58.38607454480548,-58.34530053506763,-58.30431910312227,-58.263123459748606,-58.221706600682936,-58.18006129778824,-58.138180089792286,-58.09605527256979,-58.05367888894278,-58.011042717971264,-57.96813826370499,-57.924956743364554,-57.881489074918555,-57.837725864020776,-57.79365739026928,-57.74927359274649,-57.70456405479656,-57.65951798799337,-57.61412421524901,-57.56837115300936,-57.52224679247929,-57.47573867981599,-57.42883389522452,-57.38151903088473,-57.33378016763357,-57.28560285032107,-57.236972061752176,-57.187872195119986,-57.1382870248286,-57.08819967559605,-57.03759258971921,-56.98644749237319,-56.934745354807816,-56.88246635529254,-56.82958983764927,-56.77609426719936,-56.72195718393686,-56.667155152724234,-56.611663710289825,-56.55545730878744,-56.49850925565793,-56.44079164951018,-56.38227531171397,-56.322929713370115,-56.26272289729345,-56.201621394611,-56.139590135541795,-56.076592353884365,-56.012589484694104,-55.9475410545836,-55.881404564025125,-55.81413536097461,-55.74568650507013,-55.67600862158414,-55.60504974422704,-55.53275514580858,-55.459067155662204,-55.38392496262441,-55.30726440223511,-55.22901772668379,-55.149113355868664,-55.06747560775889,-54.984024406051745,-54.89867496289364,-54.811337434182946,-54.72191654469044,-54.63031117991406,-54.536413941225085,-54.44011066045518,-54.34127986961259,-54.23979222089193,-54.13550985154713,-54.028285687519784,-53.91796267894298,-53.8043729597592,-53.68733692268266,-53.566662199581245,-53.44214253602805,-53.3135565472488,-53.18066634093744,-53.04321599038867,-52.9009298390583,-52.75351061495633,-52.60063733013932,-52.44196293692382,-52.277111708200565,-52.1056763042841,-51.927214482958036,-51.741245402620486,-51.54724546051886,-51.344643598772606,-51.13281599996207,-50.91108008120593,-50.678687680497134,-50.43481731118585,-50.17856533937819,-49.90893591405737,-49.624829450223544,-49.32502943046438,-49.00818724916495,-48.672804774966885,-48.31721424991021,-47.939555076672015,-47.537746967195986,-47.109458835666814,-46.652072715503806,-46.16264186392357,-45.637842090256825,-45.073915209822495,-44.46660339236365,-43.81107305856042,-43.10182690704959,-42.332602672643155,-41.496257396599596,-40.58463644650947,-39.58842743446128,-38.497000818784215,-37.29824174281783,-35.97838215997104,-34.52184937328814,-32.91115797254967,-31.12688837895926,-29.147818801195793,-26.951310515040305,-24.51409039521805,-21.813627684505406,-18.83035324440551,-15.550988772964006,-11.973177909451719,-8.111341687677932,-4.003115928250239,0.2851318411824355,4.656097428029134,8.985329828950434,13.132627187509419,16.959980588461434,20.35173632670258,23.230804948029583,25.565904878076054,27.36853605017671,28.682334466003052,29.56944874340538,30.098106738683565,30.333672011087355,30.33360134940118,30.145560275156814,29.807582926833255,29.34928252073704,28.79342063309458,28.1574389585298,27.454772818252035,26.69589620192501,25.88911442922354,25.041146701186506,24.15754546579616,23.24299448328234,22.301519300026754,21.33663568171182,20.351454653614013,19.348757424798745,18.331049495661166,17.30060039400272,16.259473477692726,15.209548848768843,14.152541464462924,13.090015872923146,12.023398551369572,10.953988516585296,9.882966666937646,8.811404170741541,7.740270116734562,6.670438574442338,5.602695165527277,4.537743215167946,3.476209530534673,2.4186498383560764,1.3655539032312773,0.3173503412220857,-0.7255888616900676,-1.762944120202398,-2.794444305824479,-3.8198630869841583,-4.839015553121376,-5.851755124131173,-6.857970747713577,-7.857584388274549,-8.850548812004758,-9.836845673622449,-10.81648391096428,-11.789498454091719,-12.755949255788929,-13.715920650194455,-14.669521045768722,-15.616882957791095,-16.558163384054907,-17.49354452535202,-18.42323484969625,-19.34747049603686,-20.266517009493292,-21.18067139595715,-22.090264479332518,-22.9956635398034,-23.897275206404622,-24.795548571880794,-25.690978492349156,-26.58410902856123,-27.47553697940328,-28.365915451366686,-29.255957399567578,-30.14643906581453,-31.038203226305928,-31.932162144635377,-32.829300103490304,-33.730675359083676,-34.63742132404991,-35.550746735131916,-36.47193449919622,-37.40233883259872,-38.343380212493,-39.29653754259486,-40.263336799423776,-41.245335269094454,-42.24410031315311,-43.26118142304703,-44.29807415159474,-45.35617437092573,-46.43672123764807,-47.540727302615124,-48.66889446083393,-49.8215149963908,-50.998357958997055,-52.1985426461565,-53.42040318047588,-54.66135113436783,-55.91774681256949,-57.184793891895445,-58.45647605729259,-59.72555709141536,-60.98366622364698,-62.22148689674597,-63.42905820858798,-64.59618383285446,-65.71292460424806,-66.77013163170176,-67.75996188086434,-68.67631292150367,-69.5151212643309,-70.27448889546055,-70.95463053594064,-71.55766244762184,-72.08727510183309,-72.54834236566734,-72.94651863201173,-73.28786539786026,-73.57853458098047,-73.82452149169464,-74.03148862074728,-74.20465344415382,-74.34872920550622,-74.46790633732472,-74.56586283285864,-74.6457935798835,-74.7104507494623,-74.76218937137165,-74.80301400106237,-74.83462380749211,-74.85845448779993,-74.87571618685546,-74.88742712586819,-74.89444298314342,-74.89748227298105,-74.89714807696207,-74.89394652696957,-74.88830244425407,-74.88057251986585,-74.87105638984185,-74.86000592086123,-74.84763298320176,-74.83411595042593,-74.81960513075988,-74.80422730426811,-74.78808951284131,-74.77128222658997,-74.75388199019115,-74.73595363572443,-74.7175521341833,-74.69872414579973,-74.67950931924017,-74.65994138131956,-74.64004905187502,-74.61985681261471,-74.59938555391578,-74.57865311952574,-74.55767476578298,-74.53646354920176,-74.51503065396575,-74.49338566896338,-74.47153682240986,-74.4494911807809,-74.4272548176842,-74.40483295738062,-74.38223009690458,-74.35945011009811,-74.33649633634252,-74.3133716563284,-74.29007855683456,-74.26661918617616,-74.24299540172255,-74.2192088106677,-74.19526080505271,-74.17115259188704,-74.1468852190847,-74.12245959782393,-74.09787652184622,-74.0731366841335,-74.04824069133706,-74.02318907627581,-73.99798230877556,-73.9726208050804,-73.9471049360343,-73.92143503420203,-73.89561140007453,-73.86963430748261,-73.84350400832622,-73.81722073671028,-73.79078471256635,-73.76419614482765,-73.73745523421611,-73.71056217569173,-73.68351716060776,-73.65632037860954,-73.6289720193093,-73.60147227376534,-73.57382133578984,-73.54601940310674,-73.51806667837778,-73.48996337011313,-73.46170969348022,-73.43330587102295,-73.40475213330208,-73.37604871946573,-73.34719587775825,-73.31819386597446,-73.28904295186537,-73.25974341350079,-73.23029553959363,-73.20069962978992,-73.1709559949283,-73.14106495727206,-73.11102685071657,-73.08084202097467,-73.0505108257421,-73.02003363484475,-72.98941083036982,-72.95864280678184,-72.92772997102534,-72.89667274261507,-72.8654715537148,-72.83412684920575,-72.80263908674532,-72.7710087368169,-72.7392362827713,-72.70732222086052,-72.67526706026419,-72.64307132310923,-72.610735544483,-72.57826027244053,-72.54564606800577,-72.5128935051675,-72.48000317086996,-72.44697566499838,-72.41381160035972,-72.3805116026588,-72.3470763104698,-72.31350637520352,-72.27980246107032,-72.24596524503902,-72.21199541679168,-72.17789367867454,-72.14366074564504,-72.10929734521517,-72.074804217391,-72.0401821146087,-72.00543180166687,-71.9705540556555,-71.93554966588123,-71.90041943378944,-71.86516417288279,-71.82978470863647,-71.79428187841016,-71.75865653135669,-71.72290952832752,-71.68704174177499,-71.6510540556514,-71.61494736530501,-71.57872257737289,-71.54238060967066,-71.50592239107935,-71.46934886142907,-71.4326609713798,-71.39585968229922,-71.35894596613758,-71.32192080529975,-71.28478519251433,-71.24754013070002,-71.21018663282909,-71.1727257217882,-71.13515843023637,-71.09748580046033,-71.05970888422719,-71.02182874263444,-70.98384644595738,-70.94576307349396,-70.90757971340713,-70.86929746256466,-70.83091742637652,-70.7924407186298,-70.75386846132139,-70.71520178448806,-70.67644182603453,-70.63758973155909,-70.59864665417705,-70.55961375434201,-70.52049219966506,-70.48128316473178,-70.44198783091727,-70.40260738619918,-70.36314302496874,-70.32359594783995,-70.28396736145685,-70.24425847829899,-70.20447051648522,-70.16460469957562,-70.12466225637193,-70.08464442071626,-70.04455243128827,-70.00438753140087,-69.96415096879447,-69.92384399542979,-69.88346786727939,-69.84302384411784,-69.80251318931073,-69.76193716960248,-69.721297054903,-69.6805941180734,-69.63982963471051,-69.59900488293064,-69.5581211431524,-69.51717969787865,-69.47618183147769,-69.43512882996387,-69.39402198077741,-69.35286257256371,-69.31165189495215,-69.27039123833438,-69.2290818936423,-69.18772515212565,-69.14632230512933,-69.10487464387057,-69.06338345921591,-69.02185004145811,-68.98027568009309,-68.93866166359685,-68.89700927920259,-68.85531981267796,-68.81359454810254,-68.77183476764567,-68.73004175134463,-68.68821677688328,-68.64636111937119,-68.60447605112331,-68.56256284144033,-68.52062275638966,-68.47865705858726,-68.4366670069802,-68.39465385663016,-68.35261885849788,-68.31056325922856,-68.26848830093844,-68.22639522100243,-68.18428525184292,-68.14215962071994,-68.10001954952254,-68.05786625456165,-68.01570094636423,-67.9735248294691,-67.93133910222417,-67.88914495658535,-67.84694357791713,-67.80473614479483,-67.76252382880874,-67.72030779436997,-67.67808919851826,-67.63586919073173,-67.59364891273852,-67.55142949833068,-67.50921207317994,-67.46699775465574,-67.42478765164542,-67.3825828643766,-67.34038448424197,-67.29819359362624,-67.25601126573558,-67.21383856442941,-67.17167654405469,-67.12952624928263,-67.08738871494802,-67.04526496589102,-67.00315601680167,-66.96106287206692,-66.91898652562041,-66.87692796079494,-66.8348881501776,-66.79286805546776,-66.75086862733774,-66.70889080529638,-66.66693551755539,-66.62500368089854,-66.58309620055383,-66.54121397006834,-66.49935787118628,-66.45752877372968,-66.41572753548223,-66.37395500207595,-66.33221200688087,-66.29049937089768,-66.24881790265333,-66.20716839809963,-66.16555164051485,-66.12396840040826,-66.0824194354277,-66.04090549027009,-65.99942729659497,-65.95798557294096,-65.91658102464518,-65.87521434376575,-65.83388620900699,-65.79259728564783,-65.7513482254729,-65.71013966670662,-65.66897223395023,-65.62784653812152,-65.58676317639753,-65.54572273215999,-65.50472577494358,-65.46377286038688,-65.42286453018616,-65.38200131205173,-65.34118371966701,-65.3004122526503,-65.25968739651896,-65.21900962265627,-65.1783793882808,-65.13779713641816,-65.0972632958752,-65.0567782812166,-65.01634249274382,-64.97595631647621,-64.93562012413447,-64.89533427312617,-64.85509910653344,-64.81491495310279,-64.77478212723672,-64.73470092898752,-64.69467164405276,-64.6546945437727,-64.61476988512942,-64.57489791074761,-64.535078848897,-64.49531291349638,-64.45560030411902,-64.41594120599952,-64.37633579004206,-64.3367842128298,-64.29728661663552,-64.25784312943337,-64.21845386491162,-64.17911892248637,-64.13983838731605,-64.10061233031682,-64.06144080817857,-64.02232386338156,-63.983261524213496,-63.94425380478721,-63.90530070505848,-63.86640221084422,-63.827558293840795,-63.78876891164234,-63.75003400775913,-63.71135351163573,-63.672727338668956,-63.634155390225494,-63.59563755365908,-63.55717370232713,-63.51876369560673,-63.48040737890991,-63.442104583698,-63.40385512749507,-63.365658813900275,-63.327515432599014,-63.28942475937281,-63.25138655610771,-63.21340057080126,-63.17546653756774,-63.13758417664167,-63.09975319437938,-63.061973283258695,-63.02424412187629,-62.98656537494296,-62.94893669327637,-62.91135771379135,-62.87382805948747,-62.83634733943395,-62.79891514875143,-62.7615310685909,-62.72419466610921,-62.6869054944414,-62.64966309266937,-62.61246698578703,-62.57531668466152,-62.538211685990575,-62.501151472255664,-62.46413551167093,-62.42716325812762,-62.39023415113391,-62.35334761574996,-62.31650306251795,-62.27969988738701,-62.24293747163278,-62.20621518177144,-62.169532369468065,-62.132888371439016,-62.09628250934819,-62.059714089697025,-62.02318240370782,-61.986686727200436,-61.95022632046188,-61.913800428108736,-61.87740827894209,-61.84104908579476,-61.804722045370546,-61.76842633807527,-61.73216112783931,-61.69592556193135,-61.65971877076306,-61.62353986768448,-61.58738794876969,-61.55126209259249,-61.51516135999186,-61.4790847938267,-61.44303141871966,-61.407000240789586,-61.37099024737226,-61.33500040672908,-61.299029667743206,-61.26307695960283,-61.227141191471084,-61.191221252142235,-61.15531600968357,-61.11942431106261,-61.08354498175916,-61.04767682536156,-61.011818623146745,-60.975969133643474,-60.940127092178216,-60.90429121040304,-60.86846017580487,-60.83263265119559,-60.79680727418212,-60.760982656615994,-60.725157384021486,-60.68933001500171,-60.6534990806218,-60.617663083768356,-60.58182049848437,-60.54596976927861,-60.51010931040868,-60.47423750513665,-60.43835270495633,-60.40245322879109,-60.366537362161104,-60.33060335631894,-60.29464942735219,-60.25867375525197,-60.22267448294587,-60.18664971529412,-60.150597518047434,-60.11451591676499,-60.07840289569111,-60.04225639658892,-60.00607431752918,-59.96985451163268,-59.933594785764114,-59.89729289917559,-59.86094656209763,-59.82455343427556,-59.7881111234489,-59.7516171837715,-59.715069114169836,-59.678464356636844,-59.641800294458584,-59.60507425037079,-59.56828348464233,-59.53142519308227,-59.49449650496738,-59.457494480886346,-59.42041611049717,-59.38325831019375,-59.3460179206776,-59.30869170443038,-59.27127634308271,-59.233768434674516,-59.19616449080185,-59.15846093364489,-59.12065409287161,-59.08274020241113,-59.04471539709061,-59.00657570912917,-58.96831706448188,-58.92993527902654,-58.89142605458562,-58.85278497477517,-58.814007500672105,-58.77508896629087,-58.73602457385982,-58.69680938888717,-58.6574383350058,-58.61790618858556,-58.578207573100954,-58.53833695324154,-58.49828862875147,-58.45805672798384,-58.417635201154674,-58.37701781328036,-58.33619813678147,-58.29516954373468,-58.25392519775359,-58.21245804547778,-58.17076080764833,-58.12882596974647,-58.086645772170776,-58.044212199926385,-58.00151697179827,-57.95855152897862,-57.91530702311641,-57.871774303755174,-57.82794390512249,-57.78380603223254,-57.73935054626017,-57.69456694914209,-57.649444367357844,-57.60397153483968,-57.55813677495704,-57.51192798151738,-57.46533259872079,-57.41833760000149,-57.37092946568429,-57.32309415937864,-57.274817103027445,-57.226083150521205,-57.17687655978157,-57.1271809632108,-57.076979336395745,-57.02625396494625,-56.97498640933836,-56.92315746762242,-56.870747135844965,-56.81773456602102,-56.764098021479924,-56.709814829393466,-56.65486133027883,-56.59921282425158,-56.54284351378471,-56.48572644270868,-56.42783343116464,-56.36913500619739,-56.309600327647146,-56.2491971089685,-56.187891532571264,-56.125648159240946,-56.06242983115556,-55.9981975679704,-55.932910455392296,-55.86652552560988,-55.79899762888484,-55.73027929554147,-55.66032058751638,-55.589068938546376,-55.516468981979415,-55.442462365089646,-55.36698754866166,-55.28997959047988,-55.211369911214256,-55.13108604103175,-55.04905134508155,-54.96518472579836,-54.879400299739316,-54.79160704641261,-54.70170842626571,-54.609601964673665,-54.51517879839795,-54.41832318056766,-54.31891193976025,-54.2168138882202,-54.111889173641984,-54.00398856824604,-53.89295268808162,-53.77861113458212,-53.660781549359214,-53.5392685720316,-53.413862689516954,-53.284338963643854,-53.150455622130025,-53.01195249588366,-52.868549283169955,-52.719943618388236,-52.56580891996123,-52.40579198806813,-52.23951031856456,-52.06654909431431,-51.886457809178665,-51.69874647291192,-51.50288133700967,-51.298280071926584,-51.08430631475695,-50.86026349313766,-50.62538781541247,-50.37884029854102,-50.11969768331566,-49.8469420605392,-49.559449001184376,-49.25597394735038,-48.935136578077774,-48.59540281367978,-48.235064062988734,-47.85221324853135,-47.444717063890984,-47.01018382433383,-46.54592616558598,-46.04891772680898,-45.51574282440573,-44.94253798831451,-44.32492410182221,-43.657927777474775,-42.93589054579733,-42.15236448036601,-41.299993112773564,-40.37037703082441,-39.35392459854505,-38.23969008442196,-37.01520457774575,-35.66631005952391,-34.177014797926006,-32.52940013669034,-30.703626428565197,-28.678111398709206,-26.429989700646058,-23.936008817210684,-21.1740705392023,-18.125674944452594,-14.779528725229202,-11.13647054527977,-7.215538238623838,-3.0603653681290206,1.2558074123999265,5.6290425082490145,9.930121762850803,14.017611113163527,17.75677635067756,21.03940998416457,23.798373761948433,26.012512340319077,27.70158873745454,28.914555641363883,29.715890815016195,30.17381633733003,30.35224301512565,30.30651962307467,30.082101324756696,29.715020109811555,29.23322374953208,28.658161999277734,28.006279552194798,27.290270917302404,26.520066441221097,25.7035741009933,24.847221722173064,23.95634596301334,23.035468247752696,22.088489473291283,21.118827373464974,20.129513860573734,19.12326462285696,18.10252955439008,17.069529951121094,16.026286554725978,14.974641243187387,13.916274284773815,12.852718467638143,11.785371003738417,10.715503822903239,9.64427267919496,8.572725358982192,7.501809189057651,6.432377980609155,5.3651985019182025,4.300956543194485,3.240262616745344,2.183657321823765,1.1316163939873798,0.0845554522420584,-0.9571655473304783,-1.9932381460191253,-3.023401501962762,-4.0474387934777,-5.065173906564995,-6.076468408236487,-7.081218808468175,-8.079354114653306,-9.070833683385231,-10.055645375227401,-11.033804018782753,-12.005350190802666,-12.97034931921354,-13.928891115720628,-14.881089344008855,-15.827081928441004,-16.7670314065076,-17.70112572608047,-18.629579385754404,-19.55263491324286,-20.470564672964535,-21.3836729896787,-22.292298570376477,-23.196817201695676,-24.09764469497127,-24.995240045704588,-25.890108768719017,-26.78280636447271,-27.673941865708873,-28.564181406487638,-29.454251747128588,-30.344943677967713,-31.237115211135617,-32.13169445159057,-33.0296820149289,-33.932152828327,-34.840257110380236,-35.755220273420385,-36.67834142580116,-37.61099006931581,-38.55460048622839,-39.51066318979429,-40.48071267115537,-41.466310515605606,-42.46902278709617,-43.49039040106605,-44.53189103912387,-45.594891032020605,-46.680585591095955,-47.7899258624857,-48.92353159418202,-50.081588848320266,-51.26373328494388,-52.468921222410046,-53.69529305860668,-54.94003676520161,-56.199262953745674,-57.467907131427935,-58.739678552744365,-60.007077469098874,-61.26150216842187,-62.49346246603057,-63.692906147261695,-64.84964928952505,-65.95388224485254,-66.99670424405024,-67.97062639440931,-68.86998031469827,-69.6911803552018,-70.43280979640947,-71.09553010147815,-71.68183963248995,-72.19572749287708,-72.64227581828835,-73.02726033930391,-73.35678776527051,-73.63699396784936,-73.87381297019492,-74.07281578767024,-74.23911107470822,-74.37729602874154,-74.49144522344531,-74.58512599808057,-74.6614308637364,-74.72301948787347,-74.7721648115432,-74.81079955259736,-74.8405606930733,-74.86283055310798,-74.87877376576596,-74.88936994671744,-74.89544215720737,-74.8976814373618,-74.89666777865676,-74.89288793881136,-74.88675050080018,-74.87859855501016,-74.8687203498391,-74.85735821777486,-74.8447160452605,-74.83096551780875,-74.81625133813088,-74.80069558502275,-74.7844013544992,-74.76745580202251,-74.74993268533399,-74.73189449101031,-74.71339421406016,-74.69447684829436,-74.6751806355193,-74.65553811352679,-74.63557699612925,-74.61532091289831,-74.59479003161965,-74.57400158261966,-74.5529703009176,-74.53170879949796,-74.51022788479045,-74.48853682361106,-74.46664356929378,-74.44455495347535,-74.42227684894071,-74.3998143080591,-74.37717168060878,-74.35435271417803,-74.3313606398209,-74.30819824521997,-74.28486793725286,-74.26137179556072,-74.23771161846763,-74.21388896238975,-74.18990517569775,-74.1657614278477,-74.1414587344715,-74.1169979790129,-74.09237993140694,-74.06760526422616,-74.04267456665356,-74.01758835658941,-73.99234709115359,-73.96695117580701,-73.94140097228318,-73.91569680549338,-73.88983896954558,-73.86382773299705,-73.83766334344392,-73.8113460315361,-73.7848760144939,-73.75825349919192,-73.73147868486667,-73.70455176549692,-73.67747293189869,-73.65024237357154,-73.62286028032747,-73.5953268437299,-73.56764225836639,-73.53980672297565,-73.51182044144657,-73.48368362370498,-73.45539648650151,-73.4269592541125,-73.39837215896391,-73.36963544218754,-73.34074935411712,-73.31171415473119,-73.28253011404885,-73.25319751248341,-73.22371664115872,-73.19408780219207,-73.16431130894733,-73.13438748626128,-73.10431667064589,-73.07409921046913,-73.04373546611616,-73.0132258101329,-72.9825706273536,-72.95177031501389,-72.92082528285054,-72.88973595318903,-72.85850276101998,-72.82712615406535,-72.79560659283516,-72.76394455067529,-72.73214051380728,-72.70019498136033,-72.66810846539622,-72.63588149092749,-72.6035145959293,-72.57100833134518,-72.5383632610872,-72.50557996203058,-72.47265902400322,-72.43960104977013,-72.40640665501314,-72.37307646830597,-72.33961113108477,-72.30601129761445,-72.27227763495065,-72.23841082289778,-72.20441155396286,-72.17028053330563,-72.13601847868476,-72.10162612040028,-72.06710420123241,-72.03245347637669,-71.99767471337555,-71.96276869204645,-71.92773620440653,-71.89257805459371,-71.85729505878467,-71.82188804510926,-71.78635785356178,-71.7507053359089,-71.71493135559443,-71.67903678764084,-71.6430225185477,-71.60688944618688,-71.57063847969484,-71.5342705393616,-71.49778655651697,-71.46118747341352,-71.42447424310674,-71.38764782933224,-71.3507092063799,-71.31365935896535,-71.27649928209841,-71.23922998094883,-71.2018524707092,-71.16436777645507,-71.12677693300236,-71.08908098476216,-71.05128098559273,-71.01337799864892,-70.9753730962291,-70.93726735961941,-70.89906187893547,-70.86075775296175,-70.82235608898834,-70.78385800264543,-70.7452646177353,-70.70657706606208,-70.66779648725917,-70.6289240286144,-70.58996084489304,-70.55090809815853,-70.5117669575912,-70.47253859930491,-70.43322420616153,-70.39382496758356,-70.35434207936476,-70.31477674347886,-70.2751301678865,-70.23540356634027,-70.19559815818806,-70.15571516817474,-70.11575582624208,-70.07572136732722,-70.03561303115946,-69.99543206205567,-69.95517970871417,-69.91485722400726,-69.8744658647725,-69.83400689160254,-69.7934815686339,-69.75289116333448,-69.71223694629009,-69.67152019098977,-69.63074217361024,-69.58990417279941,-69.54900746945893,-69.50805334652607,-69.46704308875478,-69.42597798249601,-69.38485931547748,-69.3436883765829,-69.3024664556306,-69.26119484315174,-69.21987483016825,-69.17850770797033,-69.13709476789369,-69.09563730109673,-69.05413659833748,-69.01259394975051,-68.97101064462385,-68.92938797117594,-68.88772721633283,-68.8460296655054,-68.80429660236695,-68.76252930863112,-68.72072906383013,-68.67889714509357,-68.63703482692758,-68.59514338099471,-68.55322407589443,-68.51127817694427,-68.46930694596176,-68.4273116410473,-68.38529351636777,-68.34325382194122,-68.30119380342258,-68.25911470189035,-68.21701775363461,-68.17490418994605,-68.13277523690641,-68.09063211518023,-68.04847603980791,-68.00630822000032,-67.96412985893485,-67.92194215355308,-67.87974629436,-67.83754346522501,-67.79533484318456,-67.75312159824666,-67.71090489319717,-67.668685883408,-67.62646571664737,-67.58424553289188,-67.5420264641408,-67.49980963423238,-67.45759615866233,-67.4153871444045,-67.37318368973385,-67.33098688405158,-67.28879780771277,-67.24661753185627,-67.20444711823707,-67.16228761906109,-67.12014007682252,-67.07800552414365,-67.0358849836173,-66.99377946765183,-66.9516899783189,-66.90961750720369,-66.86756303525807,-66.82552753265632,-66.78351195865372,-66.74151726144788,-66.69954437804293,-66.65759423411646,-66.61566774388942,-66.57376580999883,-66.53188932337343,-66.49003916311221,-66.4482161963659,-66.40642127822136,-66.36465525158896,-66.32291894709292,-66.28121318296458,-66.23953876493874,-66.19789648615289,-66.1562871270494,-66.11471145528083,-66.07317022561813,-66.0316641798618,-65.99019404675612,-65.9487605419062,-65.90736436769818,-65.86600621322225,-65.82468675419862,-65.7834066529065,-65.7421665581159,-65.7009671050223,-65.65980891518434,-65.61869259646424,-65.57761874297104,-65.53658793500671,-65.49560073901502,-65.4546577075331,-65.41375937914582,-65.37290627844273,-65.33209891597778,-65.29133778823156,-65.25062337757615,-65.20995615224251,-65.16933656629037,-65.12876505958054,-65.08824205774968,-65.04776797218739,-65.0073432000156,-64.96696812407029,-64.92664311288539,-64.88636852067874,-64.84614468734034,-64.80597193842247,-64.76585058513193,-64.72578092432407,-64.68576323849882,-64.64579779579847,-64.60588485000713,-64.56602464055193,-64.52621739250583,-64.4864633165919,-64.4467626091891,-64.40711545233945,-64.36752201375654,-64.3279824468352,-64.28849689066239,-64.24906547002924,-64.20968829544391,-64.17036546314559,-64.13109705511916,-64.09188313911072,-64.05272376864377,-64.01361898303591,-63.97456880741614,-63.93557325274248,-63.89663231581995,-63.85774597931877,-63.81891421179268,-63.7801369676973,-63.74141418740843,-63.70274579724019,-63.66413170946291,-63.625571822320644,-63.58706602004826,-63.54861417288792,-63.510216137104926,-63.47187175500279,-63.4335808549374,-63.39534325133023,-63.35715874468045,-63.31902712157576,-63.28094815470198,-63.242921602851176,-63.20494721092818,-63.16702470995551,-63.12915381707644,-63.091334235556175,-63.053565654780975,-63.015847750255126,-62.97818018359561,-62.94056260252434,-62.90299464085786,-62.865475918494354,-62.82800604139781,-62.79058460157926,-62.75321117707486,-62.715885331920795,-62.67860661612474,-62.641374565633804,-62.604188702298785,-62.56704853383457,-62.52995355377656,-62.492903241432884,-62.45589706183236,-62.4189344656679,-62.38201488923532,-62.34513775436724,-62.30830246836204,-62.27150842390759,-62.23475499899961,-62.198041556854456,-62.16136744581613,-62.12473199925736,-62.08813453547444,-62.0515743575758,-62.01505075336387,-61.978562995210176,-61.94211033992339,-61.90569202861009,-61.86930728652801,-61.832955322931504,-61.796635330908984,-61.76034648721209,-61.7240879520763,-61.68785886903269,-61.651658364710556,-61.61548554863066,-61.5793395129887,-61.543219332428784,-61.50712406380646,-61.47105274594111,-61.435004399357254,-61.39897802601443,-61.362972609025284,-61.32698711236147,-61.291020480547,-61.25507163833853,-61.2191394903923,-61.18322292091716,-61.14732079331321,-61.11143194979573,-61.07555521100368,-61.03968937559247,-61.00383321981026,-60.96798549705744,-60.93214493742849,-60.896310247235796,-60.860480108514736,-60.82465317850932,-60.78882808913784,-60.753003446437624,-60.71717782998843,-60.681349792313455,-60.64551785825731,-60.60968052434008,-60.57383625808664,-60.53798349733025,-60.502120649489626,-60.46624609081828,-60.43035816562538,-60.394455185466825,-60.35853542830558,-60.322597137639974,-60.28663852159888,-60.25065775200239,-60.21465296338672,-60.17862225199194,-60.14256367471106,-60.10647524799901,-60.0703549467398,-60.0342007030704,-59.998010405159384,-59.96178189593866,-59.92551297178631,-59.8892013811586,-59.85284482316899,-59.81644094611201,-59.779987345929726,-59.74348156461826,-59.70692108857197,-59.67030334686258,-59.63362570945049,-59.596885485325295,-59.560079920572484,-59.52320619636314,-59.48626142686316,-59.44924265705846,-59.41214686049251,-59.37497093691212,-59.33771170981745,-59.30036592391185,-59.26293024244693,-59.225401244458055,-59.18777542188518,-59.15004917657364,-59.11221881714929,-59.07428055576205,-59.0362305046915,-58.99806467280803,-58.95977896188242,-58.921369162736646,-58.88283095122793,-58.84415988405799,-58.80535139439866,-58.7664007873248,-58.727303235044666,-58.6880537719176,-58.64864728924803,-58.60907852984433,-58.56934208233036,-58.5294323751967,-58.48934367057796,-58.44907005774155,-58.4086054462726,-58.3679435589386,-58.327077924216404,-58.28600186846328,-58.244708507712225,-58.20319073907086,-58.1614412317017,-58.11945241736023,-58.07721648046571,-58.03472534767797,-57.99197067695176,-57.948943846038226,-57.90563594040126,-57.86203774051405,-57.81813970849905,-57.77393197407192,-57.7294043197474,-57.684546165262006,-57.63934655116546,-57.593794121529314,-57.54787710571748,-57.50158329915958,-57.45490004306355,-57.407814202999646,-57.36031214628249,-57.31237971807295,-57.26400221611527,-57.2151643640189,-57.16585028298717,-57.11604346188801,-57.06572672555299,-57.01488220118291,-56.963491282727844,-56.91153459309956,-56.858991944062296,-56.8058422936358,-56.75206370083064,-56.697633277521014,-56.64252713724387,-56.5867203406954,-56.53018683767653,-56.47289940521728,-56.41482958158675,-56.355947595869516,-56.29622229276063,-56.2356210522007,-56.17410970343761,-56.11165243306392,-56.04821168653698,-55.98374806264263,-55.91822020031231,-55.8515846571468,-55.783795778937275,-55.714805559404695,-55.64456348930159,-55.57301639393433,-55.50010825806856,-55.42578003707415,-55.34996945304722,-55.2726107745143,-55.193634578175285,-55.1129674909762,-55.03053191061612,-54.94624570238414,-54.86002186998711,-54.77176819776456,-54.681386861389214,-54.58877400381498,-54.49381927285417,-54.39640531633498,-54.29640723030248,-54.193691955171765,-54.08811761411201,-53.97953278722215,-53.867775714240054,-53.75267341759126,-53.63404073651247,-53.51167926175708,-53.385376158980236,-53.254902867278716,-53.12001365749229,-52.98044403271545,-52.835908950973796,-52.68610084712924,-52.53068742772428,-52.369309208576766,-52.201576760395405,-52.02706762238884,-51.84532283764957,-51.65584305684587,-51.458084148255494,-51.25145224219246,-51.035298126136304,-50.80891089304306,-50.57151072900601,-50.32224070717872,-50.06015743212145,-49.78422035183721,-49.49327952296849,-49.18606157705017,-48.861153591355624,-48.51698451560478,-48.15180374439881,-47.76365635343254,-47.350354434092424,-46.909443864995346,-46.43816574993863,-45.933411630276495,-45.39167144851414,-44.808973104824304,-44.18081232060406,-43.50207142325445,-42.766925628163804,-41.96873547320184,-41.09992434705861,-40.15184068521442,-39.11460560127334,-37.97694880214032,-36.72603908609477,-35.34732124561352,-33.82437978788243,-32.138862911806534,-30.27051942386035,-28.19742885473859,-25.896542944289386,-23.344705290354632,-20.520370408251615,-17.406285820819917,-13.99338788128787,-10.286013912328706,-6.308141986521094,-2.109661453454823,2.2292500373428688,6.598286120786919,10.864117679575285,14.8850380548663,18.530597525853736,21.70077377365986,24.33862316221395,26.432849167054822,28.01087445955352,29.126273703852007,29.845261579073416,30.235654642116355,30.359704020745184,30.270589282722383,30.011582638975113,29.61678311683583,29.112553329662596,28.519106055597938,27.851951530778678,27.123092406592537,26.3419521173222,25.516068096722893,24.651595997489686,23.753670300468727,22.826659696654552,21.874347208958106,20.900057343009067,19.906746335411917,18.89706684699043,17.873415007150236,16.837965270736028,15.792696840793345,14.739414229930702,13.679763721824829,12.61524693893045,11.547232342487607,10.476965230956333,9.405576624986265,8.334091304981317,7.263435183565977,6.194442137754098,5.127860386138781,4.064358469328056,3.0045308732717544,1.9489033223855359,0.8979377606278129,-0.14796296736013637,-1.1884507271719942,-2.2232279927661587,-3.2520440292184114,-4.274691359274056,-5.291002514337501,-6.300847071808844,-7.304128981821702,-8.300784187477836,-9.29077854360538,-10.274106039860545,-11.250787334602247,-12.22086860633795,-13.184420729603296,-14.14153878183129,-15.092341887024878,-16.036973400813526,-16.975601439706438,-17.908419755026628,-18.835648949117832,-19.75753802797965,-20.67436628055086,-21.586445470492276,-22.494122321598017,-23.397781272971134,-24.297847474902948,-25.19478999102865,-26.089125166765484,-26.98142011815553,-27.872296288793176,-28.762433015126216,-29.652571031505904,-30.543515835143122,-31.436140816591596,-32.33139004226354,-33.23028055026854,-34.133903987778,-35.043427375140425,-35.960092726893926,-36.885215190312856,-37.82017927588155,-38.76643264907483,-39.72547682766489,-40.69885398335613,-41.68812888294272,-42.69486482797485,-43.72059227408524,-44.76676865056608,-45.83472778754751,-46.925617337264946,-48.040322711525334,-49.17937643612796,-50.342852554475385,-51.530246925357204,-52.74034608620169,-53.97108989829717,-55.21943647974578,-56.48124183116712,-57.751170675513585,-59.02265861778993,-60.287947632793426,-61.53821564323754,-62.763815078709435,-63.9546238831946,-65.10049583682381,-66.19177757868107,-67.21984166974755,-68.17757383769154,-69.0597528688222,-69.86327521766313,-70.58720083110991,-71.2326257392943,-71.80241299701424,-72.30083039215897,-72.73314834505234,-73.10524582942307,-73.42325974825947,-73.69329846770201,-73.92122676002383,-74.11251928311269,-74.27217348507054,-74.40467001095179,-74.51396837992455,-74.60352691766637,-74.67633786630192,-74.73497069562552,-74.78161857756328,-74.81814460777433,-74.84612562437792,-74.8668924080014,-74.88156570235816,-74.89108793038659,-74.89625075353656,-74.89771877802717,-74.89604978866727,-74.89171191565313,-74.88509813239519,-74.87653845656611,-74.86631019136203,-74.85464650532363,-74.84174361059374,-74.82776676326868,-74.81285527659384,-74.79712670857516,-74.78068036015033,-74.76360019818375,-74.74595729890184,-74.7278118916045,-74.7092150692077,-74.69021022104002,-74.67083423401424,-74.6511185005404,-74.63108976509318,-74.61077083598052,-74.59018118440459,-74.5693374492045,-74.54825386259891,-74.52694260969535,-74.50541413241524,-74.48367738672394,-74.46174006059246,-74.43960875890133,-74.41728916048461,-74.39478615166931,-74.37210393996234,-74.34924615095153,-74.32621591099692,-74.30301591788051,-74.27964850123954,-74.25611567432232,-74.23241917836559,-74.20856052069034,-74.18454100744445,-74.16036177177773,-74.13602379811542,-74.11152794309544,-74.08687495364931,-74.06206548263503,-74.03710010236956,-74.01197931635699,-73.98670356946512,-73.96127325676646,-73.93568873122778,-73.90995031040657,-73.88405828228947,-73.85801291038882,-73.83181443819703,-73.80546309308427,-73.77895908971342,-73.7523026330355,-73.72549392092041,-73.69853314647034,-73.67142050005629,-73.64415617111344,-73.61674034972553,-73.58917322802483,-73.56145500143076,-73.53358586974687,-73.50556603813365,-73.47739571797217,-73.44907512763157,-73.42060449315198,-73.39198404885265,-73.3632140378741,-73.33429471266182,-73.30522633539816,-73.27600917838828,-73.24664352440507,-73.21712966699776,-73.18746791076788,-73.15765857161612,-73.12770197696318,-73.097598465947,-73.06734838959905,-73.03695211100143,-73.00641000542673,-72.97572246046231,-72.94488987612021,-72.91391266493413,-72.88279125204443,-72.85152607527225,-72.82011758518345,-72.78856624514339,-72.7568725313628,-72.72503693293586,-72.69305995187057,-72.66094210311212,-72.62868391455966,-72.5962859270767,-72.56374869449571,-72.5310727836169,-72.49825877420179,-72.46530725896149,-72.43221884354014,-72.39899414649352,-72.36563379926315,-72.33213844614582,-72.298508744259,-72.26474536350187,-72.23084898651244,-72.19682030862057,-72.16266003779718,-72.1283688945996,-72.09394761211325,-72.05939693588957,-72.02471762388038,-71.98991044636873,-71.95497618589616,-71.91991563718662,-71.88472960706689,-71.8494189143837,-71.81398438991751,-71.77842687629295,-71.74274722788613,-71.7069463107286,-71.67102500240824,-71.63498419196698,-71.59882477979528,-71.56254767752372,-71.52615380791143,-71.48964410473143,-71.45301951265311,-71.4162809871217,-71.3794294942347,-71.34246601061558,-71.30539152328444,-71.26820702952594,-71.23091353675437,-71.19351206237592,-71.15600363364823,-71.11838928753721,-71.08067007057117,-71.0428470386923,-71.00492125710552,-70.96689380012475,-70.92876575101667,-70.89053820184188,-70.85221225329366,-70.81378901453427,-70.77526960302883,-70.73665514437685,-70.69794677214142,-70.65914562767617,-70.62025285994991,-70.58126962536916,-70.5421970875984,-70.50303641737834,-70.46378879234207,-70.42445539682912,-70.38503742169763,-70.34553606413456,-70.30595252746402,-70.2662880209537,-70.22654375961962,-70.18672096402906,-70.14682086010188,-70.10684467891005,-70.0667936564758,-70.02666903356807,-69.98647205549757,-69.94620397191038,-69.90586603658018,-69.86545950719916,-69.82498564516773,-69.78444571538287,-69.74384098602555,-69.70317272834684,-69.66244221645317,-69.62165072709048,-69.58079953942753,-69.53988993483833,-69.49892319668379,-69.45790061009261,-69.4168234617415,-69.37569303963483,-69.33451063288364,-69.29327753148425,-69.25199502609641,-69.21066440782104,-69.16928696797777,-69.12786399788212,-69.08639678862261,-69.04488663083771,-69.00333481449272,-68.96174262865672,-68.92011136127958,-68.8784422989691,-68.83673672676836,-68.79499592793337,-68.75322118371102,-68.7114137731175,-68.66957497271711,-68.62770605640164,-68.5858082951703,-68.54388295691041,-68.50193130617875,-68.45995460398363,-68.41795410756795,-68.37593107019305,-68.33388674092363,-68.29182236441363,-68.24973918069327,-68.2076384249572,-68.16552132735393,-68.12338911277652,-68.0812430006546,-68.03908420474777,-67.99691393294054,-67.95473338703877,-67.9125437625676,-67.87034624857111,-67.8281420274137,-67.78593227458312,-67.74371815849533,-67.70150084030128,-67.65928147369554,-67.61706120472694,-67.57484117161115,-67.53262250454542,-67.49040632552531,-67.44819374816379,-67.40598587751226,-67.36378380988411,-67.32158863268039,-67.2794014242179,-67.23722325355968,-67.19505518034788,-67.15289825463915,-67.1107535167425,-67.06862199705972,-67.02650471592838,-66.98440268346745,-66.94231689942558,-66.90024835303203,-66.85819802285036,-66.81616687663481,-66.77415587118948,-66.73216595223032,-66.69019805424988,-66.64825310038496,-66.60633200228715,-66.56443565999611,-66.52256496181595,-66.48072078419433,-66.43890399160469,-66.39711543643124,-66.35535595885699,-66.31362638675482,-66.27192753558136,-66.23026020827398,-66.18862519515069,-66.14702327381308,-66.10545520905217,-66.06392175275734,-66.02242364382816,-65.98096160808925,-65.93953635820802,-65.89814859361552,-65.8567990004301,-65.81548825138405,-65.77421700575323,-65.73298590928945,-65.69179559415596,-65.65064667886558,-65.60953976822182,-65.56847545326279,-65.5274543112079,-65.48647690540733,-65.4455437852942,-65.40465548633959,-65.36381253001005,-65.32301542372787,-65.28226466083392,-65.24156072055312,-65.20090406796233,-65.16029515396077,-65.11973441524297,-65.07922227427397,-65.03875913926696,-64.9983454041632,-64.95798144861423,-64.91766763796622,-64.87740432324645,-64.837191841152,-64.79703051404032,-64.75692064992187,-64.71686254245463,-64.67685647094055,-64.6369027003236,-64.59700148118975,-64.55715304976844,-64.51735762793581,-64.47761542321922,-64.43792662880344,-64.39829142353807,-64.35870997194633,-64.319182424235,-64.2797089163056,-64.24028956976657,-64.20092449194647,-64.16161377590802,-64.12235750046308,-64.08315573018827,-64.04400851544125,-64.00491589237762,-63.96587788296828,-63.92689449501711,-63.88796572217904,-63.849091543978275,-63.81027192582662,-63.771506819041846,-63.73279616086597,-63.69413987448334,-63.65553786903843,-63.616990039653324,-63.5784962674446,-63.540056419539745,-63.50167034909282,-63.46333789529932,-63.42505888341015,-63.386833124744605,-63.348660416702174,-63.310540542773154,-63.2724732725479,-63.234458361724585,-63.196495552115415,-63.15858457165111,-63.12072513438359,-63.08291694048668,-63.04515967625479,-63.007453014099355,-62.969796612543,-62.93219011621122,-62.894633155821474,-62.85712534816958,-62.819666296113255,-62.78225558855263,-62.744892800407676,-62.70757749259233,-62.670309211985185,-62.63308749139664,-62.59591184953228,-62.55878179095244,-62.52169680602768,-62.48465637089009,-62.44765994738023,-62.41070698298954,-62.37379691079804,-62.3369291494072,-62.300103102867695,-62.26331816060199,-62.226573697321456,-62.18986907293789,-62.15320363246922,-62.11657670593923,-62.07998760827101,-62.043435639174035,-62.00692008302456,-61.97044020873916,-61.933995269641194,-61.897584503319884,-61.86120713148186,-61.82486235979488,-61.78854937772342,-61.752267358355994,-61.71601545822378,-61.679792817110396,-61.64359855785245,-61.60743178613064,-61.57129159025102,-61.535177040916174,-61.49908719098592,-61.46302107522724,-61.4269777100531,-61.39095609324973,-61.354955203691986,-61.31897400104658,-61.28301142546246,-61.247066397248254,-61.21113781653606,-61.17522456293136,-61.13932549514845,-61.10343945063089,-61.067565245156636,-61.03170167242713,-60.99584750363995,-60.96000148704436,-60.92416234747924,-60.888328785892796,-60.852499478843335,-60.81667307798054,-60.7808482095065,-60.74502347361583,-60.70919744391407,-60.67336866681367,-60.63753566090673,-60.601696916313585,-60.5658508940065,-60.52999602510744,-60.494130710159,-60.45825331836758,-60.42236218681764,-60.38645561965602,-60.35053188724529,-60.31458922528474,-60.278625833898005,-60.24263987668588,-60.20662947974306,-60.1705927306374,-60.13452767735022,-60.098432327176056,-60.0623046455804,-60.02614255501358,-59.989943933679164,-59.95370661425496,-59.91742838256471,-59.88110697619845,-59.84474008307949,-59.80832533997566,-59.77186033095262,-59.73534258576677,-59.698769578195154,-59.66213872429971,-59.62544738062307,-59.588692842312945,-59.55187234117192,-59.51498304362954,-59.47802204863312,-59.440986385453776,-59.40387301140384,-59.36667880946169,-59.329400585799846,-59.29203506721186,-59.25457889843342,-59.21702863935274,-59.17938076210511,-59.14163164804626,-59.10377758459864,-59.06581476196483,-59.027739269701556,-58.989547093147664,-58.951234109699016,-58.9127960849228,-58.874228668503434,-58.83552739001161,-58.79668765448786,-58.75770473783116,-58.71857378198289,-58.67928978989561,-58.63984762027574,-58.600241982088384,-58.56046742881205,-58.52051835243009,-58.480388977144976,-58.440073352800816,-58.399565347998326,-58.35885864288585,-58.317946721608685,-58.27682286439817,-58.235480139280554,-58.19391139338462,-58.15210924382552,-58.11006606814102,-58.06777399425464,-58.02522488993856,-57.98241035174758,-57.939321693393076,-57.89594993352438,-57.85228578288236,-57.80831963078788,-57.764041530925006,-57.7194411863765,-57.6745079338656,-57.629230727155395,-57.58359811955343,-57.53759824546534,-57.49121880093759,-57.44444702312476,-57.39726966861229,-57.3496729905204,-57.301642714309466,-57.25316401220107,-57.20422147612256,-57.15479908907587,-57.10488019482358,-57.05444746577719,-57.003482868963246,-56.951967629933286,-56.89988219447279,-56.84720618795271,-56.79391837215435,-56.73999659938448,-56.68541776368233,-56.63015774890353,-56.574191373447896,-56.51749233137786,-56.460033129652686,-56.401785021179435,-56.342717933355424,-56.282800391747855,-56.22199943852444,-56.16028054521367,-56.09760751933474,-56.03394240439418,-55.96924537269933,-55.903474610386155,-55.83658619400139,-55.76853395791477,-55.69926935176584,-55.62874128707117,-55.556895972029565,-55.48367673346535,-55.4090238247407,-55.33287421834627,-55.25516138174367,-55.17581503488109,-55.09476088763329,-55.01192035522608,-54.92721024949104,-54.840542443555094,-54.75182350729799,-54.66095431060467,-54.56782959109375,-54.47233748261243,-54.37435900034569,-54.2737674778852,-54.17042795103356,-54.06419648247056,-53.95491942066901,-53.84243258560438,-53.7265603728381,-53.60711476645071,-53.48389425003468,-53.3566826035028,-53.22524757179365,-53.089339389626986,-52.94868914423316,-52.803006955403646,-52.651979949222536,-52.49526999837112,-52.33251119786471,-52.163307040382,-51.987227249863196,-51.803804225641585,-51.61252904186425,-51.41284693814947,-51.204152227079724,-50.985782531952495,-50.75701225386465,-50.5170451502824,-50.26500588726503,-49.999930403896464,-49.72075489956169,-49.426303221703,-49.11527239269567,-48.786215968464056,-48.437524867264536,-48.06740524344955,-47.673852906723496,-47.25462370122063,-46.80719915978796,-46.32874663690651,-45.816072999736726,-45.26557082402653,-44.67315590697324,-44.034194785562676,-43.34342085915316,-42.59483769725722,-41.781608229654545,-40.89592886486026,-39.9288883186171,-38.870312292677504,-37.70859748153078,-36.43054222696186,-35.02118724844406,-33.46368932360993,-31.739265034970167,-29.8272626090918,-27.705449604658927,-25.35064457239384,-22.7398714626705,-19.852269540864864,-16.672026537025403,-13.192568016110235,-9.422043301607875,-5.389689414680862,-1.1518794747484096,3.2042695155055982,7.562431949138559,11.785904566903712,15.73370510226664,19.28064511050053,22.335530062653575,24.851735392561874,26.82746291689675,28.297151661188995,29.318313967995845,29.958348505496197,30.284311974317944,30.35662612129931,30.226264351835162,29.9343558164132,29.51314003136796,28.987474282446584,28.37640660226577,27.694572103036325,26.95332751306807,26.161623568811237,25.326652003357324,24.454314042008313,23.5495545455854,22.61659832471426,21.6591167767888,20.680345614715026,19.683168579988223,18.670177620165084,17.643716815858603,16.605915082644383,15.55871109897711,14.50387282477139,13.443013229611777,12.377603339109974,11.30898335878055,10.238372395891936,9.166877136100693,8.09549971945644,7.025144983342434,5.9566271870302625,4.890676296219317,3.827943881020291,2.769008663760729,1.7143817412771496,0.6645114983052351,-0.38021177699586306,-1.4194515682680473,-2.4529210926396345,-3.480379546710444,-4.501628636360046,-5.5165093913138925,-6.524899266641427,-7.526709534481226,-8.521882970306304,-9.510391838946429,-10.492236186340847,-11.467442443556017,-12.436062349909644,-13.398172202029839,-14.353872435279515,-15.303287543129624,-16.24656633871543,-17.183882560918832,-18.1154358248653,-19.041452913707612,-19.96218940501647,-20.87793162105969,-21.788998887796907,-22.69574608262736,-23.59856644588469,-24.49789462583744,-25.394209921547663,-26.28803968231709,-27.17996281646755,-28.070613355588453,-28.96068401271099,-29.85092966351685,-30.742170667828432,-31.6352959331895,-32.531265602011715,-33.43111321695651,-34.33594718411301,-35.24695130805689,-36.16538411478576,-37.09257660548375,-38.029927993803774,-38.97889886994055,-39.94100110504493,-40.91778365978109,-41.910813293774474,-42.92164899494209,-43.951808771736076,-45.002727298244245,-46.07570280491922,-47.171831615402525,-48.291928911341216,-49.436434754044434,-50.605305218933324,-51.79788983703531,-53.01279851692016,-54.24776383344113,-55.499508013866226,-56.76362794480526,-58.034515600105316,-59.30533461293,-60.56807505022722
24.622836229378677,26.661699717506277,28.188192399190875,29.258130612797217,29.93862179513412,30.297367366318984,30.395904198469314,30.286442756206377,30.011262815118066,29.603573381394348,29.08899887673402,28.487169603328287,27.813150755240912,27.078611577089696,26.292728211670955,25.462855037347733,24.59501153886694,23.694229807760323,22.76480032538852,21.810445200020272,20.834440445257936,19.83970280743233,18.82885206620723,17.804256406144166,16.768066101040496,15.72223911043734,14.668561053975509,13.608661251196159,12.54402598190203,11.47600975811111,10.405845149599848,9.334651534519942,8.263443029684911,7.193135774918261,6.124554690794042,5.058439791303926,3.995452107054447,2.9361792568208482,1.881140693097357,0.8307926389125173,-0.21446727260815357,-1.254295648505953,-2.2883992715678163,-3.3165313188874688,-4.338487862790242,-5.354104654930346,-6.363254195618289,-7.365843091564928,-8.361809706256976,-9.351122108098457,-10.3337763222329,-11.309794892556042,-12.279225760780664,-13.242141469459051,-14.198638695538639,-15.148838120258569,-16.092884639933565,-17.030947920374587,-17.96322329533797,-18.889933006474575,-19.811327778788268,-20.727688721655962,-21.639329541074876,-22.546599044067687,-23.44988391117348,-24.34961170774919,-25.246254099430526,-26.140330231521162,-27.032410226167922,-27.923118744690644,-28.813138554966972,-29.703214034739414,-30.594154530319663,-31.48683747538612,-32.38221115512712,-33.28129697534035,-34.18519106246623,-35.09506497688073,-36.01216526587453,-36.93781151226575,-37.873392447229314,-38.8203595896631,-39.78021774791767,-40.75451157296968,-41.74480718734381,-42.75266773711708,-43.77962153653147,-44.8271213155489,-45.89649297093888,-46.98887220728416,-48.10512760104083,-49.245769016527454,-50.410841058737454,-51.599802493633256,-52.81139443420617,-54.04350268283112,-55.293022955961106,-56.55574164984207,-57.82624892412258,-59.09790441080533,-60.36287762397308,-61.61228367019784,-62.83642867275821,-64.02516755151848,-65.16835991430331,-66.25639024538155,-67.28070074063635,-68.2342744849347,-69.11200776382074,-69.9109246869687,-70.63021225381611,-71.27108314009854,-71.83649916350616,-72.33080457573058,-72.75932263630743,-73.12796278169228,-73.4428730124662,-73.71015734949482,-73.93566489176634,-74.12484710041322,-74.28267391433815,-74.41359667007983,-74.5215456119244,-74.60995106372903,-74.68177929968252,-74.73957625440022,-74.78551413813736,-74.82143762598308,-74.84890753634484,-74.86924083060607,-74.88354640634546,-74.89275658109938,-74.89765442791818,-74.89889727433672,-74.89703674915212,-74.89253578361854,-74.88578296469097,-74.87710461116049,-74.86677490785162,-74.85502439423142,-74.84204706531582,-74.82800630665088,-74.81303985240551,-74.79726392662167,-74.78077670242962,-74.76366119233762,-74.7459876642226,-74.7278156620162,-74.7091956969283,-74.69017066403026,-74.67077702981398,-74.65104582867001,-74.63100349984276,-74.61067259111339,-74.59007235105318,-74.56921922803033,-74.54812729111453,-74.52680858550204,-74.50527343298941,-74.48353068628377,-74.46158794449221,-74.43945173592975,-74.41712767338481,-74.39462058614755,-74.37193463241188,-74.34907339508216,-74.32603996353208,-74.30283700345849,-74.27946681663491,-74.255931392086,-74.23223244996711,-74.20837147923352,-74.18434977001696,-74.16016844148618,-74.13582846585007,-74.11133068906206,-74.08667584870038,-74.06186458942787,-74.03689747637493,-74.01177500673838,-73.98649761984622,-73.96106570590155,-73.93547961358813,-73.90973965669377,-73.8838461198853,-73.85779926374992,-73.83159932920141,-73.80524654133596,-73.77874111281047,-73.75208324680598,-73.72527313963057,-73.69831098300814,-73.67119696609366,-73.64393127724956,-73.61651410561373,-73.58894564248492,-73.56122608254859,-73.53335562496274,-73.50533447432073,-73.47716284150624,-73.44884094445304,-73.42036900882108,-73.39174726859864,-73.3629759666391,-73.33405535513997,-73.30498569607055,-73.27576726155414,-73.24640033420971,-73.21688520745755,-73.1872221857926,-73.15741158502902,-73.12745373251887,-73.09734896734761,-73.06709764050863,-73.03670011505893,-73.00615676625762,-72.97546798168901,-72.94463416137148,-72.91365571785349,-72.8825330762977,-72.85126667455435,-72.8198569632245,-72.7883044057141,-72.75660947827944,-72.72477267006458,-72.69279448313134,-72.66067543248221,-72.62841604607672,-72.59601686484159,-72.56347844267485,-72.5308013464445,-72.49798615598172,-72.46503346406895,-72.43194387642306,-72.39871801167384,-72.3653565013378,-72.33185998978769,-72.29822913421756,-72.26446460460384,-72.23056708366215,-72.19653726680033,-72.16237586206746,-72.12808359009914,-72.09366118405902,-72.05910938957668,-72.0244289646819,-71.98962067973542,-71.95468531735612,-71.91962367234484,-71.8844365516048,-71.84912477405855,-71.81368917056179,-71.7781305838137,-71.7424498682642,-71.70664789001786,-71.67072552673474,-71.63468366752802,-71.59852321285851,-71.56224507442614,-71.52585017505834,-71.48933944859536,-71.45271383977274,-71.41597430410063,-71.37912180774032,-71.34215732737779,-71.30508185009441,-71.26789637323479,-71.23060190427184,-71.19319946066896,-71.15569006973963,-71.11807476850416,-71.08035460354375,-71.04253063085201,-71.00460391568373,-70.96657553240117,-70.9284465643177,-70.89021810353904,-70.85189125080194,-70.81346711531043,-70.7749468145697,-70.73633147421762,-70.6976222278539,-70.65882021686697,-70.61992659025867,-70.58094250446672,-70.54186912318494,-70.50270761718154,-70.46345916411518,-70.42412494834905,-70.38470616076302,-70.34520399856382,-70.30561966509335,-70.26595436963508,-70.22620932721884,-70.18638575842364,-70.14648488917898,-70.10650795056448,-70.06645617860785,-70.02633081408146,-69.98613310229729,-69.94586429290055,-69.90552563966192,-69.8651184002684,-69.82464383611301,-69.78410321208318,-69.74349779634805,-69.7028288601447,-69.6620976775633,-69.62130552533127,-69.5804536825966,-69.53954343071025,-69.49857605300781,-69.45755283459033,-69.41647506210461,-69.37534402352276,-69.33416100792125,-69.29292730525952,-69.25164420615806,-69.21031300167624,-69.16893498308974,-69.12751144166782,-69.08604366845036,-69.04453295402479,-69.00298058830306,-68.96138786029849,-68.91975605790282,-68.87808646766334,-68.83638037456024,-68.79463906178425,-68.75286381051464,-68.71105589969753,-68.6692166058248,-68.62734720271342,-68.58544896128545,-68.54352314934864,-68.5015710313778,-68.45959386829692,-68.41759291726221,-68.37556943144595,-68.33352465982142,-68.29145984694875,-68.24937623276203,-68.20727505235742,-68.1651575357826,-68.12302490782744,-68.08087838781607,-68.03871918940027,-67.99654852035441,-67.95436758237187,-67.91217757086308,-67.86997967475509,-67.82777507629297,-67.78556495084287,-67.74335046669692,-67.70113278487999,-67.65891305895832,-67.61669243485017,-67.57447205063845,-67.53225303638541,-67.49003651394949,-67.44782359680426,-67.40561538985965,-67.36341298928537,-67.32121748233666,-67.27902994718242,-67.23685145273562,-67.19468305848629,-67.15252581433685,-67.11038076044001,-67.0682489270392,-67.02613133431163,-66.98402899221382,-66.94194290032999,-66.89987404772299,-66.85782341278795,-66.81579196310874,-66.77378065531711,-66.73179043495475,-66.689822236338,-66.64787698242559,-66.60595558468906,-66.56405894298621,-66.52218794543738,-66.48034346830467,-66.43852637587403,-66.39673752034044,-66.35497774169582,-66.31324786762018,-66.27154871337548,-66.22988108170266,-66.18824576272154,-66.14664353383377,-66.1050751596287,-66.06354139179228,-66.022042969019,-65.9805806169266,-65.93915504797401,-65.89776696138206,-65.85641704305722,-65.81510596551823,-65.7738343878257,-65.73260295551462,-65.69141230052968,-65.65026304116354,-65.60915578199791,-65.56809111384746,-65.5270696137065,-65.48609184469852,-65.44515835602832,-65.40426968293697,-65.36342634665945,-65.32262885438482,-65.28187769921911,-65.24117336015071,-65.20051630201834,-65.15990697548146,-65.11934581699313,-65.07883324877528,-65.03836967879633,-64.99795550075108,-64.95759109404291,-64.91727682376812,-64.87701304070241,-64.83680008128952,-64.79663826763185,-64.75652790748298,-64.71646929424227,-64.67646270695118,-64.63650841029138,-64.59660665458468,-64.55675767579446,-64.51696169552886,-64.47721892104535,-64.43752954525675,-64.39789374673876,-64.35831168973858,-64.31878352418497,-64.27930938569922,-64.23988939560742,-64.20052366095354,-64.16121227451345,-64.12195531480985,-64.08275284612786,-64.04360491853122,-64.00451156787913,-63.96547281584359,-63.926488669926975,-63.887559123480074,-63.848684155720235,-63.80986373174964,-63.771097802573564,-63.73238630511863,-63.69372916225078,-63.655126282793034,-63.61657756154282,-63.57808287928886,-63.53964210282742,-63.50125508497795,-63.462921664597786,-63.424641666596095,-63.3864149019467,-63.34824116769981,-63.31012024699252,-63.272051909057915,-63.23403590923279,-63.19607198896366,-63.15815987581119,-63.120299283452695,-63.08248991168276,-63.044731446411745,-63.00702355966213,-62.96936590956249,-62.93175814033905,-62.894199882304605,-62.856690751844795,-62.81923035140143,-62.78181826945288,-62.744454080491295,-62.70713734499657,-62.66986760940683,-62.632644406085404,-62.59546725328401,-62.558335655102105,-62.521249101442145,-62.48420706796068,-62.44720901601507,-62.41025439260567,-62.37334263031328,-62.33647314723177,-62.29964534689561,-62.26285861820214,-62.226112335328466,-62.18940585764268,-62.152738529609294,-62.11610968068863,-62.07951862523002,-62.04296466235854,-62.00644707585508,-61.969965134029565,-61.93351808958705,-61.897105179486466,-61.8607256247918,-61.8243786305154,-61.78806338545323,-61.75177906201173,-61.71552481602606,-61.679299786569445,-61.64310309575327,-61.606933848517706,-61.57079113241254,-61.53467401736783,-61.49858155545411,-61.46251278063182,-61.42646670848955,-61.39044233597077,-61.354438641088656,-61.31845458262866,-61.282489099838344,-61.24654111210411,-61.210609518614405,-61.1746931980089,-61.138791008013236,-61.10290178505876,-61.06702434388687,-61.031157477137356,-60.99529995492019,-60.95945052437031,-60.92360790918464,-60.88777080914089,-60.85193789959744,-60.81610783097361,-60.78027922820973,-60.744450690206186,-60.70862078924078,-60.672788070363595,-60.63695105076854,-60.60110821914079,-60.56525803497922,-60.52939892789288,-60.49352929687059,-60.45764750952274,-60.42175190129405,-60.385840774646496,-60.34991239821098,-60.3139650059068,-60.277996796027544,-60.242005930292166,-60.205990532859936,-60.169948689307795,-60.133878445568676,-60.09777780682925,-60.06164473638551,-60.02547715445447,-59.98927293694024,-59.95302991415262,-59.91674586947633,-59.88041853798875,-59.844045605024185,-59.807624704682276,-59.77115341827841,-59.7346292727335,-59.69804973890071,-59.661412229826375,-59.624714098942306,-59.58795263818651,-59.55112507604921,-59.51422857554095,-59.47726023207926,-59.44021707129035,-59.40309604672199,-59.365894037463626,-59.328607845669495,-59.29123419398035,-59.25376972283914,-59.2162109876957,-59.17855445609543,-59.14079650464635,-59.102933415858935,-59.06496137485264,-59.0268764659228,-58.988674668961046,-58.950351855722396,-58.91190378593125,-58.87332610321864,-58.83461433088218,-58.79576386746006,-58.756769982109624,-58.71762780978076,-58.67833234617358,-58.63887844246946,-58.59926079982357,-58.55947396360666,-58.519512317382954,-58.47937007661006,-58.43904128204641,-58.39851979285037,-58.357799279354445,-58.31687321549696,-58.27573487089251,-58.23437730252109,-58.19279334601498,-58.15097560652062,-58.108916449111604,-58.06660798872731,-58.02404207960991,-57.981210304210755,-57.93810396153536,-57.89471405489399,-57.851031279022564,-57.80704600653658,-57.76274827367768,-57.71812776531017,-57.67317379912156,-57.62787530897805,-57.58222082738253,-57.536198466978675,-57.489795901041,-57.44300034288604,-57.39579852413537,-57.348176671755965,-57.30012048379769,-57.25161510374212,-57.202645093369874,-57.153194404047056,-57.10324634632332,-57.05278355772601,-57.001787968625685,-56.95024076603832,-56.89812235521893,-56.84541231888948,-56.792089373931205,-56.73813132535748,-56.68351501736811,-56.628216281269204,-56.57220988002448,-56.51546944918388,-56.457967433913346,-56.39967502182553,-56.34056207128471,-56.28059703483007,-56.21974687732948,-56.157976988440446,-56.09525108891634,-56.031531130252525,-55.96677718711996,-55.900947341981166,-55.833997561225225,-55.76588156209417,-55.69655066960162,-55.62595366256488,-55.55403660778373,-55.48074268130045,-55.40601197556628,-55.32978129121702,-55.25198391202383,-55.17254936143255,-55.09140313893326,-55.00846643431006,-54.923655817605095,-54.83688290238839,-54.74805397965173,-54.65706961933699,-54.563824236161224,-54.46820561600771,-54.37009439870632,-54.269363512521636,-54.165877555092955,-54.05949211491746,-53.950053026723694,-53.837395553233165,-53.721343484837156,-53.60170814760411,-53.47828730875788,-53.350863967302445,-53.219205015782485,-53.08305975722586,-52.94215825906918,-52.79620952327058,-52.6448994488042,-52.487888559235884,-52.32480946401519,-52.15526401738249,-51.97882013326194,-51.79500820804709,-51.603317095615594,-51.40318957002766,-51.19401720092772,-50.975134554388504,-50.74581261746799,-50.50525132767963,-50.25257106841973,-49.986802967575514,-49.7068778083771,-49.411613328266014,-49.09969964221854,-48.76968248054623,-48.419943876540316,-48.048679875185016,-47.65387475926385,-47.233271202344774,-46.784335658486256,-46.304218185866475,-45.789705776988654,-45.237168134998385,-44.64249470110464,-44.00102161549438,-43.30744720683006,-42.555734592529525,-41.73900009712362,-40.84938656009912,-39.877921365289396,-38.81436042240511,-37.64702173096289,-36.362616094172296,-34.946088800549326,-33.3804957448107,-31.646951996390282,-29.724712137079823,-27.59147193661138,-25.22402188377615,-22.599434193664216,-19.69701868459487,-16.50131589379031,-13.006355472217741,-9.221204190257057,-5.176352834420658,-0.9297014408817015,3.4300272723358365,7.785156045265152,11.998285503717504,15.928711273857608,19.45256340327945,22.480746468546343,24.96901877098913,26.91772353143508,28.362842499769318,29.362722089009083,29.984978858152402,30.296462923280103,30.357162931102465,30.217545484084173,29.91825413454921,29.49111023093833,28.96063399750629,28.345613241689637,27.660487688504297,26.91646977246974,26.122404465980047,25.285405962088205,24.411318235312198,23.505043317672033,22.57077338898556,21.61215442639575,20.632401844287504,19.63438275677298,18.620675151098062,17.593611119968756,16.55530908191863,15.50769837403763,14.452538535728412,13.391434870908972,12.325851375576029,11.257121775307295,10.186459183022563,9.114964726857691,8.04363538796326,6.973371212511065,5.904982010330807,4.839193616997139,3.776653771760981,2.71793764697145,1.6635530531490301,0.6139453359733407,-0.4304980240221785,-1.4694431021054204,-2.502605506191111,-3.529746637814434,-4.550670236837233,-5.565219210890602,-6.573272751789798,-7.574743742272616,-8.569576457424835,-9.557744566053751,-10.539249438018857,-11.514118764079099,-12.48240549510897,-13.444187107506059,-14.399565201194312,-15.348665435757624,-16.291637808863943,-17.228657279222887,-18.159924733838043,-19.08566829627314,-20.006144969074608,-20.921642599433643,-21.832482152698464,-22.73902027354452,-23.641652109556805,-24.540814366735013,-25.43698856101751,-26.330704424284114,-27.22254341729155,-28.113142295342215,-29.003196664747918,-29.893464458698908,-30.784769249141732,-31.678003295628116,-32.57413021149051,-33.47418710053883,-34.37928598191443,-35.2906142747081,-36.20943405519343,-37.13707972570596,-38.07495364305085,-39.02451914394464,-39.98729027428291,-40.96481737834774,-41.95866753629549,-42.9703986602305,-44.00152588371428,-45.0534787282525,-46.12754743685357,-47.224816878984,-48.34608662307534,-49.491776235088416,-50.66181571016716,-51.85552231062593,-53.07146709631112,-54.307337182734216,-55.559803239251124,-56.82440575019602,-58.09547762552899,-59.366124007162135,-60.62828132079078,-61.87287526042802,-63.09009006910318,-64.26974854452332,-65.40178449883345,-66.47676981036551,-67.48644146552382,-68.42416553231267,-69.28527891738212,-70.06726671985335,-70.76975940322139,-71.39436299271529,-71.94435953606472,-72.42432878672803,-72.83974394522383,-73.19658641988491,-73.50101111007139,-73.75907903204154,-73.97656142121255,-74.15881036954254,-74.31068581947179,-74.43652670140219,-74.54015419812686,-74.62489660116009,-74.69362725075665,-74.74880913283678,-74.79254156816437,-74.82660595534442,-74.85250870145515,-74.87152032699889,-74.88471032165228,-74.89297771372244,-74.89707755305999,-74.8976436386647,-74.8952078825481,-74.89021671584585,-74.88304492965423,-74.87400731391867,-74.8633684210888,-74.85135074236848,-74.83814154636809,-74.82389859456678,-74.80875491607114,-74.7928227959997,-74.77619710738014,-74.75895809547382,-74.74117370560636,-74.72290153051475,-74.70419044055403,-74.6850819495006,-74.66561135983187,-74.64580872398234,-74.6256996519364,-74.60530599041545,-74.58464639467837,-74.56373681043624,-74.54259088046001,-74.5212202880355,-74.4996350474047,-74.47784374965958,-74.45585377116291,-74.43367145041346,-74.41130223830997,-74.38875082596543,-74.36602125355462,-74.3431170031195,-74.32004107779089,-74.29679606949509,-74.27338421688823,-74.24980745498785,-74.22606745774212,-74.20216567458546,-74.17810336186709,-74.15388160990408,-74.12950136629567,-74.10496345603947,-74.08026859890893,-74.05541742448281,-74.03041048515949,-74.00524826743965,-73.97993120171945,-73.95445967080109,-73.92883401729745,-73.90305455008249,-73.87712154991694,-73.85103527436074,-73.82479596206788,-73.79840383654583,-73.77185910945023,-73.745161983476,-73.71831265489716,-73.69131131580106,-73.66415815605588,-73.63685336504564,-73.60939713320187,-73.58178965335749,-73.5540311219449,-73.52612174005759,-73.49806171439167,-73.46985125808213,-73.44149059144624,-73.41297994264507,-73.38431954827284,-73.35550965388248,-73.32655051445448,-73.29744239481579,-73.26818557001405,-73.23878032565227,-73.20922695818807,-73.17952577520145,-73.1496770956343,-73.11968125000448,-73.08953858059719,-73.05924944163583,-73.02881419943421,-72.99823323253206,-72.96750693181522,-72.93663570062196,-72.90561995483654,-72.87446012297123,-72.84315664623752,-72.81170997860757,-72.78012058686642,-72.74838895065578,-72.71651556250991,-72.68450092788407,-72.65234556517606,-72.62005000574122,-72.58761479390127,-72.55504048694723,-72.52232765513688,-72.48947688168677,-72.45648876275925,-72.42336390744457,-72.39010293773823,-72.35670648851388,-72.32317520749167,-72.28950975520256,-72.2557108049482,-72.22177904275695,-72.18771516733597,-72.15351989001923,-72.119193934712,-72.08473803783143,-72.05015294824355,-72.01543942719671,-71.98059824825143,-71.94563019720675,-71.91053607202326,-71.87531668274256,-71.83997285140353,-71.8045054119552,-71.76891521016638,-71.733203103532,-71.69736996117634,-71.66141666375293,-71.62534410334156,-71.58915318334189,-71.55284481836422,-71.51641993411704,-71.47987946729171,-71.44322436544402,-71.4064555868729,-71.36957410049611,-71.33258088572313,-71.2954769323251,-71.25826324030193,-71.22094081974666,-71.18351069070701,-71.14597388304416,-71.10833143628889,-71.07058439949496,-71.03273383108991,-70.9947807987232,-70.95672637911183,-70.91857165788335,-70.88031772941645,-70.84196569667901,-70.80351667106376,-70.76497177222151,-70.7263321278921,-70.68759887373295,-70.64877315314538,-70.60985611709874,-70.57084892395228,-70.5317527392749,-70.49256873566283,-70.45329809255517,-70.41394199604757,-70.37450163870372,-70.33497821936517,-70.29537294295906,-70.25568702030418,-70.21592166791518,-70.17607810780507,-70.13615756728602,-70.09616127876862,-70.05609047955946,-70.01594641165727,-69.97573032154756,-69.93544345999585,-69.89508708183956,-69.85466244577857,-69.81417081416454,-69.77361345278909,-69.73299163067078,-69.69230661984102,-69.65155969512901,-69.61075213394571,-69.56988521606685,-69.52896022341517,-69.48797843984187,-69.44694115090729,-69.40584964366101,-69.36470520642128,-69.32350912855394,-69.28226270025091,-69.24096721230819,-69.19962395590358,-69.15823422237408,-69.11679930299309,-69.07532048874742,-69.03379907011427,-68.99223633683805,-68.9506335777074,-68.90899208033223,-68.86731313092083,-68.82559801405743,-68.78384801247978,-68.74206440685734,-68.70024847556968,-68.65840149448553,-68.61652473674226,-68.57461947252607,-68.5326869688527,-68.4907284893491,-68.44874529403573,-68.4067386391098,-68.36470977672941,-68.32265995479872,-68.28059041675414,-68.23850240135162,-68.19639714245524,-68.15427586882684,-68.11213980391712,-68.06999016565803,-68.02782816625658,-67.98565501199015,-67.9434719030033,-67.90128003310623,-67.85908058957486,-67.81687475295257,-67.77466369685382,-67.73244858776948,-67.69023058487409,-67.64801083983501,-67.60579049662358,-67.56357069132831,-67.52135255197007,-67.47913719831953,-67.43692574171669,-67.39471928489266,-67.35251892179367,-67.31032573740751,-67.26814080759213,-67.22596519890683,-67.18379996844583,-67.14164616367418,-67.09950482226648,-67.05737697194785,-67.01526363033767,-66.97316580479594,-66.93108449227219,-66.8890206791572,-66.8469753411374,-66.80494944305194,-66.76294393875271,-66.720959770967,-66.67899787116302,-66.63705915941834,-66.59514454429114,-66.55325492269435,-66.5113911797727,-66.46955418878272,-66.42774481097564,-66.38596389548323,-66.34421227920664,-66.30249078670818,-66.26080023010606,-66.21914140897216,-66.17751511023275,-66.13592210807214,-66.09436316383945,-66.0528390259582,-66.01135042983908,-65.96989809779546,-65.92848273896203,-65.88710504921636,-65.84576571110338,-65.80446539376283,-65.76320475285956,-65.72198443051687,-65.68080505525253,-65.63966724191786,-65.59857159163953,-65.55751869176419,-65.51650911580597,-65.47554342339666,-65.4346221602386,-65.39374585806041,-65.3529150345752,-65.31213019344159,-65.27139182422718,-65.23070040237471,-65.19005638917064,-65.14946023171619,-65.10891236290097,-65.06841320137876,-65.02796315154582,-64.98756260352141,-64.94721193313053,-64.9069115018889,-64.86666165699,-64.82646273129427,-64.78631504332026,-64.74621889723772,-64.7061745828627,-64.66618237565436,-64.62624253671359,-64.58635531278337,-64.54652093625073,-64.50673962515029,-64.46701158316928,-64.42733699965403,-64.38771604961777,-64.3481488937497,-64.30863567842533,-64.2691765357179,-64.22977158341081,-64.19042092501104,-64.15112464976353,-64.11188283266625,-64.07269553448604,-64.03356280177505,-63.99448466688775,-63.955461147998406,-63.916492249118875,-63.87757796011668,-63.83871825673331,-63.799913100602524,-63.76116243926873,-63.72246620620519,-63.68382432083205,-63.645236688534055,-63.606703200677856,-63.568223734628816,-63.52979815376718,-63.49142630750356,-63.45310803129355,-63.414843146651464,-63.37663146116296,-63.33847276849657,-63.30036684841396,-63.262313466778735,-63.22431237556385,-63.18636331285732,-63.14846600286625,-63.110620155919,-63.07282546846534,-63.03508162307453,-62.99738828843118,-62.95974511932874,-62.922151756660476,-62.88460782740789,-62.84711294462632,-62.809666707427674,-62.77226870096016,-62.73491849638481,-62.69761565084867,-62.66035970745459,-62.623150195227346,-62.58598662907602,-62.54886850975245,-62.51179532380563,-62.4747665435318,-62.43778162692024,-62.40084001759439,-62.363941144748274,-62.327084423078,-62.290269252708136,-62.253495019112854,-62.216761093031536,-62.18006683037875,-62.143411572148366,-62.106794644311606,-62.07021535770879,-62.033673007934645,-61.99716687521686,-61.96069622428775,-61.92426030424873,-61.887858348427415,-61.85148957422706,-61.81515318296811,-61.77884835972161,-61.74257427313416,-61.706330075244225,-61.67011490128943,-61.633927869504596,-61.597768080910214,-61.561634619091016,-61.52552654996437,-61.48944292153809,-61.45338276365745,-61.41734508774085,-61.38132888650397,-61.34533313367192,-61.30935678367897,-61.27339877135555,-61.23745801160201,-61.201533399048735,-61.16562380770219,-61.12972809057633,-61.09384507930903,-61.057973583762866,-61.02211239160989,-60.98626026789965,-60.950415954610115,-60.914578170180704,-60.87874560902696,-60.84291694103612,-60.80709081104304,-60.77126583828558,-60.73544061583898,-60.6996137100283,-60.66378365981817,-60.62794897617912,-60.59210814142954,-60.55625960855245,-60.520401800486134,-60.48453310938767,-60.44865189586841,-60.41275648820025,-60.37684518149174,-60.34091623683275,-60.304967880406636,-60.26899830256858,-60.23300565688879,-60.196988059159274,-60.16094358636273,-60.12487027560204,-60.088766122988886,-60.05262908248976,-60.01645706472779,-59.98024793573851,-59.94399951567774,-59.90770957747962,-59.871375845462815,-59.83499599388259,-59.798567645426736,-59.76208836965276,-59.72555568136406,-59.68896703892236,-59.652319842493796,-59.6156114322257,-59.57883908635116,-59.542000019218186,-59.50509137924016,-59.46811024676416,-59.431053631853416,-59.39391847198013,-59.356701629624624,-59.31939988977655,-59.28200995733366,-59.244528454393546,-59.20695191743324,-59.16927679437161,-59.13149944150898,-59.09361612033813,-59.05562299422072,-59.01751612492253,-58.979291469000835,-58.940944874036695,-58.90247207470457,-58.863868688671296,-58.82513021231599,-58.78625201626185,-58.747229340710525,-58.70805729056903,-58.66873083035855,-58.6292447788941,-58.589593803723055,-58.5497724153101,-58.509774960955234,-58.46959561843074,-58.42922838932224,-58.38866709205787,-58.34790535460882,-58.306936606843244,-58.26575407251472,-58.22435076086489,-58.18271945781892,-58.14085271675091,-58.09874284879494,-58.05638191267587,-58.01376170403235,-57.97087374420268,-57.92770926844209,-57.88425921353811,-57.84051420478837,-57.796464542302644,-57.7521001865885,-57.707410743377075,-57.66238544764235,-57.61701314676422,-57.57128228278197,-57.52518087368105,-57.478696493651924,-57.43181625225532,-57.384526772423364,-57.33681416722098,-57.288664015286116,-57.24006133486149,-57.19099055632368,-57.14143549310846,-57.09137931092303,-57.04080449512794,-56.989692816161536,-56.938025292870336,-56.88578215359727,-56.83294279486816,-56.77948573750347,-56.72538857996833,-56.67062794875807,-56.61517944559961,-56.559017591230386,-56.50211576549591,-56.44444614348479,-56.385979627395436,-56.3266857738015,-56.26653271595345,-56.205487080721014,-56.14351389974494,-56.08057651432706,-56.01663647354339,-55.95165342501668,-55.88558499773109,-55.81838667621216,-55.75001166532932,-55.680410744905124,-55.60953211323393,-55.53732121852246,-55.46372057716393,-55.388669577645274,-55.312104268761324,-55.23395713067029,-55.15415682716767,-55.072627937380325,-54.989290664885495,-54.90406052203805,-54.816847987040454,-54.72755813100945,-54.63609021197715,-54.54233723240688,-54.446185456400116,-54.34751388231262,-54.24619366597871,-54.14208748915203,-54.035048867099405,-53.92492138851843,-53.811537880075264,-53.69471948685905,-53.57427465890399,-53.44999803261612,-53.32166919443139,-53.189051312292506,-53.05188961852687,-52.90990972539034,-52.762815751860295,-52.61028823715178,-52.45198181281921,-52.287522601103866,-52.116505302288985,-51.9384899281051,-51.75299813153776,-51.55950907555179,-51.35745477404716,-51.14621482754976,-50.92511046341371,-50.69339777531235,-50.45026003909566,-50.194798961187615,-49.92602469099113,-49.64284439955982,-49.34404919226914,-49.02829908243371,-48.69410570470827,-48.33981239049581,-47.96357116121038,-47.56331611783854,-47.136732615681254,-46.68122151068147,-46.19385764837948,-45.67134163977363,-45.109943834215855,-44.50543926620347,-43.853032235722665,-43.14726910688918,-42.38193792061836,-41.54995358442895,-40.64322783776266,-39.65252406757788,-38.56729863076209,-37.37553302334589,-36.063565604155386,-34.615938469716255,-33.015285657676365,-31.24230469820812,-29.27587661010537,-27.09343190546218,-24.671703513386593,-21.988060215155443,-19.02266616624416,-15.76173472194753,-12.202077609123066,-8.356896231177048,-4.2622169938128875,0.017473456295829415,4.386739136133719,8.722549251285287,12.885202666907356,16.73596305366485,20.157257930683187,23.069304488647333,25.43798817388405,27.272426013401553,28.614663054953038,29.52609657205675,30.074880951540965,30.32674074351195,30.339701853761518,30.162044131943677,29.832366802671316,29.380757603915697,28.8303541756236,28.19888515287391,27.499999561063696,26.74432837821316,25.94029165740289,25.094692647371843,24.2131459223467,23.300381855651306,22.360461670134324,21.396929089069385,20.412917616476133,19.411227011765522,18.394378467714734,17.364655085596148,16.324132189236952,15.274700594518023,14.218084969002167,13.155858743148244,12.089456573887036,11.020185046222254,9.949232082844574,8.877675383970324,7.806490118252313,6.736556016027757,5.668663968389768,4.603522202772091,3.5417620832384484,2.4839435682431983,1.4305603480480307,0.3820446766952972,-0.6612280916209594,-1.698935255522221,-2.73080280509423,-3.756601744546476,-4.776144698808994,-5.789282805349916,-6.795902893701329,-7.795924956273714,-8.78929991502851,-9.776007689446498,-10.756055571938592,-11.729476917344437,-12.696330153391242,-13.656698118875054,-14.610687735813134,-15.558430020838586,-16.50008043961607,-17.435819606015496,-18.36585432517333,-19.29041897640675,-20.209777228256605,-21.124224073777004,-22.03408816963601,-22.9397344577264,-23.841567042885345,-24.7400322950406,-25.635622138644198,-26.528877486553366,-27.420391769398,-28.310814504624158,-29.200854841345805,-30.091285007199936,-30.982943570689145,-31.87673841587739,-32.77364930439043,-33.674729870816776,-34.58110885991038,-35.493990365344295,-36.41465276787061,-37.34444599326715,-38.284786615186114,-39.23715021319223,-40.20306026104249,-41.18407266544015,-42.18175490469762,-43.197658537934586,-44.23328368313846,-45.29003392056853,-46.36916000352461,-47.47169080537317,-48.59835017476897,-49.749458908376816,-50.924822002157754,-52.12360284146417,-53.34418816091425,-54.584050521366535,-55.839618671460606,-57.106170236679624,-58.377765151841665,-59.64724117633522,-60.9062933771733,-62.145656106837066,-63.35539744963331,-64.52532198037768,-65.64545923926798,-66.70659591149735,-67.70079434394371,-68.62183405950714,-69.46551982560324,-70.22981934421126,-70.91482127102807,-71.52253276756299,-72.05655787121017,-72.52170904974297,-72.92360373652986,-73.26828813710823,-73.56191651874846,-73.81049973364803,-74.01972475877554,-74.19483883232728,-74.34058731424133,-74.46119294585407,-74.56036474106186,-74.64132639856433,-74.70685619729738,-74.7593323867982,-74.8007798774118,-74.83291548190695,-74.85719005725191,-74.8748266845738,-74.8868545649455,-74.8941386575492,-74.89740529678578,-74.89726413799406,-74.89422682970626,-74.88872281727957,-74.8811126648733,-74.87169925136386,-74.86073715831674,-74.84844052923319,-74.83498964174169,-74.82053639973074,-74.80520892132652,-74.78911537130163,-74.77234716285562,-74.754981633464,-74.73708428230353,-74.71871064225778,-74.69990784732596,-74.68071594606587,-74.66116900319463,-74.64129602438605,-74.62112173341019,-74.60066722586335,-74.57995051967018,-74.55898701916298,-74.53778990674016,-74.51637047377824,-74.49473840053902,-74.47290199320666,-74.45086838485446,-74.42864370602975,-74.40623322972053,-74.38364149469687,-74.36087241057727,-74.33792934743417,-74.31481521230455,-74.29153251459718,-74.2680834220743,-74.24446980882334,-74.22069329641357,-74.19675528924792,-74.17265700496495,-74.14839950061514,-74.12398369522563,-74.09941038927491,-74.0746802815206,-74.04979398355745,-74.02475203242669,-73.9995549015506,-73.97420301022605,-73.94869673187696,-73.92303640123629,-73.897222320604,-73.87125476530666,-73.84513398846595,-73.81886022516886,-73.79243369611903,-73.76585461083755,-73.7391231704724,-73.71223957026736,-73.68520400173425,-73.65801665456654,-73.63067771832714,-73.60318738393892,-73.57554584500247,-73.54775329896262,-73.51980994814222,-73.49171600065941,-73.46347167124233,-73.43507718195366,-73.40653276283545,-73.37783865248382,-73.34899509856133,-73.32000235825443,-73.29086069868202,-73.2615703972606,-73.23213174203075,-73.2025450319492,-73.17281057715012,-73.1429286991787,-73.11289973120012,-73.08272401818617,-73.05240191708185,-73.02193379695376,-72.9913200391221,-72.9605610372777,-72.92965719758541,-72.89860893877506,-72.86741669222094,-72.83608090201092,-72.80460202500565,-72.77298053088894,-72.74121690220974,-72.70931163441631,-72.67726523588313,-72.64507822793091,-72.61275114484027,-72.58028453385916,-72.54767895520457,-72.51493498205879,-72.48205320056024,-72.44903420978943,-72.41587862174994,-72.38258706134481,-72.34916016634838,-72.31559858737377,-72.28190298783609,-72.24807404391159,-72.21411244449268,-72.18001889113916,-72.14579409802539,-72.11143879188394,-72.07695371194534,-72.04233960987428,-72.00759724970224,-71.97272740775655,-71.937730872586,-71.90260844488304,-71.86736093740258,-71.8319891748774,-71.79649399393037,-71.76087624298327,-71.7251367821625,-71.6892764832015,-71.65329622934006,-71.61719691522046,-71.58097944678056,-71.54464474114373,-71.50819372650585,-71.47162734201923,-71.43494653767354,-71.39815227417381,-71.36124552281554,-71.32422726535688,-71.28709849388795,-71.24986021069734,-71.21251342813578,-71.17505916847715,-71.13749846377658,-71.09983235572602,-71.062061895507,-71.02418814364086,-70.98621216983628,-70.94813505283437,-70.9099578802511,-70.87168174841726,-70.83330776221605,-70.79483703491815,-70.75627068801445,-70.71760985104645,-70.67885566143427,-70.64000926430256,-70.60107181230403,-70.56204446544085,-70.52292839088398,-70.48372476279032,-70.44443476211785,-70.4050595764388,-70.36560039975078,-70.32605843228608,-70.28643488031906,-70.24673095597181,-70.20694787701788,-70.1670868666845,-70.12714915345296,-70.0871359708575,-70.0470485572826,-70.0068881557587,-69.96665601375659,-69.92635338298031,-69.88598151915872,-69.8455416818358,-69.8050351341597,-69.7644631426706,-69.72382697708755,-69.68312791009406,-69.64236721712284,-69.60154617613956,-69.5606660674257,-69.51972817336058,-69.47873377820261,-69.4376841678699,-69.39658062972015,-69.35542445232996,-69.31421692527367,-69.27295933890174,-69.23165298411868,-69.19029915216065,-69.14889913437287,-69.10745422198671,-69.06596570589677,-69.02443487643771,-68.98286302316123,-68.941251434613,-68.89960139810971,-68.85791419951637,-68.81619112302376,-68.77443345092621,-68.73264246339978,-68.69081943828087,-68.64896565084528,-68.60708237358791,-68.56517087600304,-68.52323242436523,-68.48126828151119,-68.43927970662219,-68.39726795500758,-68.35523427788912,-68.31317992218638,-68.27110613030318,-68.22901413991518,-68.18690518375864,-68.14478048942044,-68.10264127912947,-68.06048876954928,-68.01832417157226,-67.97614869011527,-67.93396352391684,-67.89176986533597,-67.84956890015256,-67.80736180736963,-67.76514975901726,-67.7229339199584,-67.68071544769647,-67.6384954921851,-67.59627519563959,-67.55405569235064,-67.51183810850003,-67.4696235619785,-67.4274131622058,-67.38520800995298,-67.34300919716692,-67.30081780679728,-67.25863491262567,-67.21646157909736,-67.17429886115538,-67.13214780407709,-67.09000944331336,-67.04788480433018,-67.00577490245301,-66.96368074271368,-66.92160331969993,-66.87954361740776,-66.83750260909643,-66.79548125714616,-66.75348051291877,-66.71150131662095,-66.66954459717051,-66.62761127206538,-66.58570224725553,-66.54381841701777,-66.50196066383349,-66.46012985826924,-66.41832685886038,-66.37655251199756,-66.33480765181619,-66.29309310008894,-66.25140966612112,-66.20975814664915,-66.16813932574192,-66.12655397470516,-66.08500285198883,-66.04348670309746,-66.00200626050345,-65.96056224356342,-65.91915535843741,-65.87778629801115,-65.83645574182117,-65.79516435598295,-65.75391279312187,-65.71270169230712,-65.67153167898852,-65.63040336493611,-65.58931734818266,-65.54827421296892,-65.50727452969171,-65.46631885485478,-65.42540773102226,-65.38454168677501,-65.34372123666947,-65.3029468811992,-65.26221910675903,-65.22153838561167,-65.18090517585689,-65.14031992140323,-65.099783051942,-65.05929498292372,-65.01885611553689,-64.97846683668904,-64.93812751898994,-64.89783852073714,-64.85760018590341,-64.81741284412644,-64.7772768107004,-64.73719238656955,-64.69715985832366,-64.65717949819528,-64.61725156405876,-64.57737629943097,-64.5375539334736,-64.49778468099711,-64.45806874246603,-64.41840630400574,-64.37879753741066,-64.33924260015354,-64.29974163539603,-64.2602947720004,-64.22090212454219,-64.18156379332386,-64.1422798643893,-64.10305040953911,-64.06387548634659,-64.02475513817433,-63.98568939419132,-63.946678269390496,-63.90772176460664,-63.868819866534515,-63.82997254774715,-63.7911797667142,-63.75244146782031,-63.71375758138326,-63.67512802367196,-63.636552696924085,-63.59803148936328,-63.559564275215834,-63.52115091472672,-63.482791254174884,-63.44448512588771,-63.40623234825447,-63.36803272573878,-63.329886048889804,-63.29179209435223,-63.25375062487479,-63.21576138931727,-63.177824122655906,-63.13993854598696,-63.10210436652848,-63.06432127762001,-63.02658895872018,-62.98890707540205,-62.95127527934604,-62.9136932083304,-62.87616048621894,-62.83867672294608,-62.8012415144989,-62.763854442896125,-62.72651507616399,-62.68922296830866,-62.65197765928521,-62.61477867496293,-62.577625527086845,-62.540517713235296,-62.50345471677336,-62.46643600680204,-62.42946103810299,-62.39252925107865,-62.35564007168754,-62.31879291137468,-62.2819871669968,-62.24522222074225,-62.2084974400454,-62.17181217749531,-62.13516577073853,-62.09855754237572,-62.06198679985205,-62.02545283534095,-61.988954925621215,-61.952492331947056,-61.91606429991095,-61.879670059299066,-61.84330882393896,-61.806979791539355,-61.770682143521654,-61.73441504484305,-61.69817764381078,-61.66196907188746,-61.62578844348697,-61.58963485576074,-61.553507388374136,-61.51740510327247,-61.48132704443648,-61.4452722376268,-61.40923969011716,-61.37322839041584,-61.33723730797511,-61.30126539288817,-61.26531157557323,-61.229374766444266,-61.19345385556806,-61.157547712306986,-61.12165518494719,-61.08577510031151,-61.0499062633568,-61.01404745675499,-60.97819744045734,-60.94235495124147,-60.90651870224032,-60.870687382452644,-60.83485965623427,-60.79903416276948,-60.76320951552182,-60.72738430166365,-60.691557081483566,-60.65572638777107,-60.619890725177484,-60.58404856955242,-60.54819836725481,-60.512338534437575,-60.476467456305,-60.44058348634183,-60.40468494551288,-60.36877012143227,-60.33283726750098,-60.29688460201155,-60.26091030721875,-60.22491252837478,-60.18888937272773,-60.15283890848183,-60.11675916371801,-60.08064812527312,-60.04450373757633,-60.00832390144078,-59.97210647280893,-59.93584926144947,-59.89955002960401,-59.86320649058141,-59.82681630729763,-59.79037709075866,-59.75388639848448,-59.717341732871205,-59.680740539489,-59.64408020531301,-59.60735805688432,-59.570571358398034,-59.53371730971517,-59.49679304429521,-59.45979562704556,-59.42272205208444,-59.38556924041321,-59.348334037494105,-59.311013210729,-59.27360344683483,-59.236101349110754,-59.19850343459221,-59.1608061310864,-59.12300577408383,-59.08509860353991,-59.04708076052051,-59.0089482837049,-58.970697105739276,-58.932323049433464,-58.89382182379331,-58.85518901988055,-58.81642010649163,-58.77751042564641,-58.73845518787729,-58.699249467308455,-58.65988819651474,-58.62036616114865,-58.58067799432359,-58.540818170740536,-58.50078100054484,-58.46056062289861,-58.4201509992538,-58.379545906309716,-58.33873892863802,-58.297723450957044,-58.25649265003612,-58.21503948620957,-58.17335669447845,-58.13143677517705,-58.08927198417935,-58.046854322619275,-58.00417552609681,-57.96122705334007,-57.918000074291655,-57.874485457585315,-57.83067375737673,-57.7865551994898,-57.742119666837056,-57.69735668407012,-57.65225540141289,-57.60680457762693,-57.560992562054956,-57.5148072756843,-57.46823619116827,-57.421266311738684,-57.37388414893782,-57.3260756990931,-57.27782641845174,-57.22912119688645,-57.179944330076786,-57.13027949006291,-57.08010969406115,-57.02941727142161,-56.97818382859891,-56.92639021199683,-56.87401646853645,-56.821041803785135,-56.767444537470496,-56.7132020561889,-56.65829076310216,-56.602686024398736,-56.54636211227665,-56.48929214418452,-56.431448018034274,-56.37280034307383,-56.313318366080516,-56.25296989250569,-56.191721202167365,-56.12953695905101,-56.066380114737896,-56.00221180493553,-55.93699123853496,-55.87067557856502,-55.80321981435255,-55.734576624130234,-55.66469622725886,-55.59352622514748,-55.52101142986244,-55.44709367931299,-55.371711637786255,-55.29480058047584,-55.21629216050474,-55.136114156782604,-55.05419020085699,-54.97043948071658,-54.884776419276534,-54.797110325021215,-54.70734501199091,-54.615378385974715,-54.521101993404194,-54.4244005290271,-54.325151297969555,-54.22322362726048,-54.11847822128488,-54.01076645494059,-53.89992959748477,-53.785797959155516,-53.668189951623575,-53.54691105214843,-53.421752659957804,-53.29249083181118,-53.15888488191346,-53.020675829274,-52.877584673213036,-52.729310474946494,-52.575528219965975,-52.415886432196096,-52.25000450656399,-52.07746972154646,-51.89783388733876,-51.71060957835991,-51.51526589068808,-51.3112236554856,-51.097850028262975,-50.87445236063262,-50.64027124564223,-50.39447260941245,-50.13613870010852,-49.86425779963289,-49.577712453109456,-49.27526597539679,-48.95554695155006,-48.617031398255776,-48.25802219458948,-47.87662532172546,-47.47072237120988,-47.0379386890208,-46.575606417256395,-46.08072157719896,-45.54989420863376,-44.97929044544643,-44.36456527620871,-43.70078462791056,-42.98233535066401,-42.20282171971205,-41.354947286622,-40.43038142731072,-39.41961094109466,-38.31177884196072,-37.09451548318839,-35.753772002169825,-34.27367366818415,-32.63642231597792,-30.8222943164598,-28.80980551864635,-26.576149409200152,-24.09806047657998,-21.35330862102903,-18.323079296026766,-14.995503307676309,-11.370500899179751,-7.465793642976104,-3.3233204549315722,0.9855978399235772,5.358844866388725,9.668465427829783,13.77327341609263,17.537521506114455,20.850853643416123,23.643335132922264,25.891017787413737,27.611425831908072,28.85210381144288,29.67694308405803,30.154209545022756,30.348240443135456,30.314977970521316,30.100489723919818,29.741357650108455,29.26598451566834,28.69617718684383,28.04865113596218,27.336301789929617,26.569206841157712,25.755381957544436,24.901333978326534,24.012458139887162,23.093319999552083,22.14785440369187,21.179505840706515,20.19132786007767,19.18605410683288,18.166149743482524,17.133849331303338,16.091185348812523,15.040010212665248,13.982013763162895,12.918737557738773,11.851586892428234,10.7818411817238,9.710663128954577,8.63910698344991,7.568126087523809,6.49857985231565,5.43124025757758,4.366797940336987,3.305867916675668,2.2489949666838482,1.1966587029130495,0.149278335941611,-0.8927828540083476,-1.9292133337876198,-2.959749419198881,-3.9841716607496727,-5.0023015135243805,-6.013998292737666,-7.019156417708626,-8.017702948065232,-9.009595416953182,-9.99481996685985,-10.973389794330934,-11.945343910301332,-12.910746222919373,-13.869684949549237,-14.822272364024377,-15.768644884136533,-16.70896350273266,-17.64341456362478,-18.572210880784777,-19.495593196011313,-20.413831966456673,-21.327229469148214,-22.236122205009146,-23.140883579959183,-24.04192683553199,-24.93970819612754,-25.834730194515807,-26.727545131432855,-27.61875861886005,-28.509033149506003,-29.39909162660087,-30.28972077764324,-31.181774362265763,-32.076176066717316,-32.97392195415093,-33.87608230925563,-34.78380267582596,-35.69830383446423,-36.62088040244839,-37.55289765654398,-38.495786080047054,-39.451033016001595,-40.420170668789915,-41.4047595374805,-42.40636619085559,-43.42653411514463,-44.466746197503994,-45.52837727771467,-46.612635147781184,-47.720488462397434,-48.852580322506626,-50.00912691277201,-51.189801635783176,-52.39360682476347,-53.618737449761085,-54.86244431470032,-56.120907994998774,-57.389138879190824,-58.660922513629814,-59.928831969590675,-61.18432876097071,-62.41796941735743,-63.61972500792512,-64.7794056420108,-65.88716295384302,-66.93402459250632,-67.91240104039913,-68.81650178416989,-69.6426077438937,-70.3891687094953,-71.05672304161807,-71.64766453146042,-72.16590121001381,-72.61645930125964,-73.0050826298221,-73.33786687268768,-73.62095355263845,-73.86029457407683,-74.06148691579625,-74.2296697635216,-74.36947266076224,-74.48500233821426,-74.57985675613018,-74.65715669402425,-74.71958731929941,-74.76944417306235,-74.80867973130621,-74.83894806659393,-74.86164615945887,-74.87795113716794,-74.88885320971404,-74.8951843867273,-74.89764324416011,-74.8968161058111,-74.89319504204637,-74.88719308825007,-74.87915706383892,-74.86937833941263,-74.85810186149567,-74.84553370553833,-74.83184739084103,-74.81718915715051,-74.80168237242101,-74.78543121475084,-74.76852374864347,-74.75103449621082,-74.73302658737707,-74.71455355918573,-74.69566086260251,-74.6763871254142,-74.65676521165538,-74.63682311119366,-74.61658468744838,-74.59607030651925,-74.57529736709924,-74.55428074730669,-74.53303318188246,-74.51156558096434,-74.48988729979664,-74.4680063671905,-74.4459296792697,-74.42366316396915,-74.40121192086607,-74.37858034018333,-74.35577220418732,-74.33279077368778,-74.30963886191613,-74.28631889769916,-74.26283297954352,-74.23918292199386,-74.21537029541571,-74.19139646017646,-74.16726259604816,-74.14296972753019,-74.118518745684,-74.0939104269828,-74.06914544960352,-74.0442244075251,-74.01914782274281,-73.99391615586315,-73.96852981530495,-73.94298916529968,-73.9172945328559,-73.89144621382938,-73.86544447822004,-73.83928957479988,-73.81298173516115,-73.78652117726187,-73.75990810853477,-73.73314272861676,-73.70622523174818,-73.67915580888447,-73.65193464955684,-73.62456194351377,-73.59703788217114,-73.56936265989452,-73.54153647513472,-73.51355953143421,-73.48543203832051,-73.4571542120998,-73.4287262765628,-73.40014846361333,-73.3714210138284,-73.34254417695779,-73.31351821237014,-73.28434338945135,-73.2550199879608,-73.22554829834976,-73.19592862204641,-73.16616127171055,-73.13624657146161,-73.10618485708237,-73.07597647620096,-73.04562178845327,-73.0151211656275,-72.98447499179277,-72.95368366341292,-72.92274758944714,-72.89166719143823,-72.86044290358971,-72.82907517283263,-72.79756445888282,-72.76591123428929,-72.73411598447446,-72.70217920776662,-72.67010141542532,-72.63788313165995,-72.60552489364191,-72.57302725151084,-72.540390768375,-72.50761602030639,-72.4747035963304,-72.44165409841067,-72.40846814142905,-72.37514635316096,-72.34168937424622,-72.30809785815558,-72.27437247115304,-72.24051389225407,-72.20652281317972,-72.17239993830698,-72.1381459846152,-72.1037616816288,-72.06924777135622,-72.03460500822538,-71.99983415901548,-71.96493600278525,-71.92991133079786,-71.89476094644232,-71.85948566515151,-71.82408631431692,-71.78856373320005,-71.7529187728406,-71.71715229596141,-71.68126517687016,-71.645258301358,-71.60913256659504,-71.57288888102264,-71.53652816424277,-71.50005134690429,-71.46345937058618,-71.42675318767787,-71.38993376125656,-71.35300206496163,-71.31595908286626,-71.27880580934605,-71.24154324894496,-71.20417241623834,-71.16669433569324,-71.12911004152603,-71.09142057755732,-71.0536269970641,-71.01573036262943,-70.97773174598939,-70.93963222787757,-70.90143289786695,-70.86313485420938,-70.82473920367251,-70.78624706137441,-70.74765955061574,-70.70897780270961,-70.67020295680918,-70.63133615973294,-70.59237856578783,-70.55333133659016,-70.51419564088447,-70.47497265436014,-70.43566355946622,-70.39626954522402,-70.35679180703788,-70.31723154650409,-70.27758997121781,-70.23786829457829,-70.19806773559236,-70.15818951867612,-70.11823487345507,-70.07820503456256,-70.03810124143679,-69.99792473811623,-69.9576767730336,-69.91735859880855,-69.8769714720389,-69.83651665309067,-69.79599540588686,-69.75540899769508,-69.71475869891407,-69.67404578285915,-69.63327152554673,-69.59243720547781,-69.55154410342067,-69.51059350219276,-69.46958668644177,-69.42852494242604,-69.38740955779436,-69.34624182136517,-69.30502302290529,-69.26375445290816,-69.22243740237171,-69.18107316257597,-69.13966302486028,-69.09820828040051,-69.05671021998597,-69.01517013379632,-68.97358931117853,-68.93196904042381,-68.89031060854475,-68.8486153010526,-68.80688440173482,-68.76511919243293,-68.7233209528208,-68.68149096018331,-68.63963048919561,-68.59774081170289,-68.5558231965008,-68.51387890911661,-68.47190921159114,-68.42991536226144,-68.38789861554444,-68.34586022172161,-68.30380142672448,-68.26172347192137,-68.21962759390529,-68.17751502428288,-68.13538698946482,-68.09324471045741,-68.05108940265563,-68.0089222756376,-67.96674453296056,-67.92455737195844,-67.88236198354099,-67.8401595519946,-67.79795125478496,-67.75573826236135,-67.71352173796284,-67.67130283742642,-67.62908270899706,-67.5868624931397,-67.54464332235344,-67.50242632098761,-67.46021260506026,-67.4180032820786,-67.37579945086183,-67.33360220136623,-67.29141261451251,-67.24923176201565,-67.20706070621709,-67.16490049991937,-67.12275218622328,-67.0806167983676,-67.03849535957131,-66.9963888828785,-66.95429837100585,-66.91222481619282,-66.87016920005455,-66.82813249343747,-66.78611565627767,-66.74411963746215,-66.70214537469268,-66.6601937943527,-66.61826581137697,-66.57636232912418,-66.5344842392523,-66.49263242159701,-66.450807744053,-66.40901106245815,-66.36724322048077,-66.32550504950973,-66.28379736854754,-66.24212098410649,-66.20047669010773,-66.15886526778328,-66.11728748558114,-66.07574409907328,-66.03423585086664,-65.99276347051715,-65.95132767444667,-65.90992916586295,-65.86856863468243,-65.82724675745614,-65.78596419729834,-65.74472160381828,-65.70351961305467,-65.66235884741312,-65.62123991560642,-65.58016341259767,-65.53912991954611,-65.49814000375589,-65.45719421862745,-65.41629310361168,-65.37543718416678,-65.33462697171777,-65.29386296361855,-65.25314564311662,-65.21247547932033,-65.17185292716857,-65.13127842740296,-65.09075240654246,-65.05027527686033,-65.00984743636339,-64.96946926877354,-64.92914114351157,-64.88886341568302,-64.84863642606622,-64.80846050110236,-64.76833595288755,-64.7282630791668,-64.68824216332985,-64.6482734744089,-64.60835726707796,-64.56849378165397,-64.52868324409941,-64.48892586602659,-64.44922184470333,-64.40957136306002,-64.36997458969803,-64.33043167889936,-64.29094277063743,-64.25150799058903,-64.2121274501472,-64.17280124643503,-64.13352946232047,-64.09431216643164,-64.05514941317304,-64.01604124274228,-63.97698768114719,-63.937988740223595,-63.89904441765315,-63.8601546969816,-63.82131954763707,-63.782538924948405,-63.74381277016352,-63.70514101046753,-63.666523559000645,-63.627960314875736,-63.589451163195434,-63.55099597506866,-63.51259460762652,-63.47424690403741,-63.43595269352126,-63.3977117913628,-63.35952399892371,-63.321389103653594,-63.28330687909961,-63.24527708491469,-63.207299466864185,-63.16937375683088,-63.13149967281816,-63.09367691895134,-63.0559051854769,-63.0181841487596,-62.98051347127729,-62.9428928016133,-62.90532177444631,-62.86780001053751,-62.830327116714976,-62.79290268585506,-62.7555262968607,-62.718197514636515,-62.68091589006047,-62.64368095995205,-62.60649224703677,-62.569349259906794,-62.5322514929776,-62.495198426440496,-62.45818952621082,-62.42122424387166,-62.384302016612914,-62.34742226716553,-62.310584403730765,-62.27378781990425,-62.23703189459467,-62.200315991936925,-62.16363946119949,-62.12700163668585,-62.09040183762979,-62.05383936808431,-62.0173135168039,-61.98082355712012,-61.944368746810035,-61.90794832795747,-61.871561526806715,-61.835207553608484,-61.798885602457865,-61.762594851124,-61.72633446087123,-61.69010357627142,-61.65390132500716,-61.617726817665606,-61.58157914752253,-61.54545739031646,-61.50936060401234,-61.47328782855464,-61.43723808560929,-61.401210378294316,-61.36520369089868,-61.32921698858894,-61.293249217103366,-61.25729930243309,-61.22136615048986,-61.18544864675991,-61.14954565594358,-61.113656021580105,-61.07777856565714,-61.04191208820446,-61.006055366871365,-60.97020715648714,-60.934366188604095,-60.89853117102248,-60.862700787296774,-60.82687369622252,-60.79104853130323,-60.755223900196526,-60.71939838413878,-60.6835705373476,-60.64773888640123,-60.61190192959412,-60.57605813626781,-60.54020594611616,-60.50434376846402,-60.46846998151842,-60.43258293159115,-60.39668093229175,-60.36076226368976,-60.324825171445056,-60.28886786590511,-60.25288852116785,-60.216885274108805,-60.18085622337119,-60.144799428317434,-60.10871290794067,-60.07259463973458,-60.036442558519965,-60.000254555226235,-59.96402847562614,-59.92776211902167,-59.89145323687929,-59.85509953141229,-59.81869865410815,-59.78224820419859,-59.74574572706993,-59.70918871261121,-59.672574593497394,-59.63590074340498,-59.59916447515699,-59.56236303879436,-59.525493619570476,-59.4885533358655,-59.45153923701688,-59.41444830106244,-59.377277432391956,-59.34002345930323,-59.30268313145828,-59.26525311723502,-59.22773000096971,-59.19011028008502,-59.15239036209846,-59.11456656150544,-59.07663509653116,-59.03859208574495,-59.00043354453055,-58.96215538140533,-58.92375339418111,-58.885223265958814,-58.84656056094877,-58.807760720107986,-58.768819056585286,-58.729730750964514,-58.6904908462957,-58.65109424290327,-58.61153569295981,-58.57180979481332,-58.531910987054935,-58.49183354231364,-58.45157156076338,-58.411118963327205,-58.370469484562314,-58.32961666520851,-58.28855384438182,-58.247274151393704,-58.20577049717514,-58.16403556528351,-58.12206180246881,-58.0798414087741,-58.03736632714382,-57.994628232511275,-57.951618520335366,-57.908328294554124,-57.86474835492074,-57.82086918368535,-57.776680931583286,-57.73217340308793,-57.68733604088334,-57.64215790950867,-57.59662767812302,-57.5507336023358,-57.504463505043624,-57.45780475621067,-57.41074425152457,-57.36326838985525,-57.31536304943847,-57.267013562700114,-57.218204689630944,-57.168920589614544,-57.11914479160388,-57.06886016253368,-57.01804887384701,-56.96669236600491,-56.9147713108374,-56.862265571582896,-56.80915416045043,-56.75541519352582,-56.70102584282774,-56.64596228530382,-56.59019964853879,-56.53371195292762,-56.4764720500449,-56.41845155691884,-56.359620785892105,-56.29994866972384,-56.239402681556065,-56.177948749333495,-56.11555116422809,-56.052172482578165,-55.98777342080598,-55.9223127427268,-55.85574713860654,-55.78803109526248,-55.719116756432896,-55.64895377256439,-55.577489139080804,-55.50466702210255,-55.43042857047965,-55.3547117128837,-55.277450938572635,-55.19857706029455,-55.118016957632314,-55.03569329890576,-54.95152423954075,-54.86542309458136,-54.77729798275889,-54.68705143923557,-54.59457999380702,-54.49977371097003,-54.402515687835184,-54.302681505379276,-54.200138627983065,-54.094745745574215,-53.98635205198362,-53.87479645231085,-53.7599066911665,-53.64149839259741,-53.51937400128302,-53.39332161319353,-53.26311368229265,-53.128505588015045,-52.98923404611055,-52.84501534297473,-52.6955433707218,-52.54048743693294,-52.3794898191505,-52.21216302969055,-52.03808675109924,-51.85680439644681,-51.66781924147571,-51.470590067203815,-51.264526241700544,-51.04898215813006,-50.82325093246524,-50.586557248131854,-50.338049215783876,-50.07678909389413,-49.8017426892271,-49.5117672247934,-49.205597425695956,-48.88182952937124,-48.538902874985624,-48.1750786659458,-47.78841542835035,-47.376740605519174,-46.93761763348621,-46.468307734059096,-45.96572554131046,-45.42638754661793,-44.84635221226267,-44.22115047507005,-43.545705259112786,-42.81423857312029,-42.02016483810548,-41.15596936050427,-40.213071471783735,-39.18167300651699,-38.05059480458207,-36.80710727102662,-35.436766396004344,-33.923275002596206,-32.24840169388332,-30.392008769661718,-28.33226738279505,-26.046175430779908,-23.510541701359152,-20.703654214614453,-17.607894750708386,-14.21355397851507,-10.523964870129912,-6.561698924187899,-2.3748809380110663,1.9582441864070308,6.329110358327574,10.605461435457975,14.645567841095595,18.317688200764927,21.519454387086224,24.1910692228656,26.31852601821107,27.927179766607612,29.069388689700386,29.81094154597191,30.219805207007347,30.358711077308687,30.28144685656371,30.03188850548192,29.644665552338786,29.14657352808358,28.558161949162812,27.89519490769218,27.169862779240482,26.39172647232636,25.56842392405249,24.706184658963114,23.81019809583143,22.88487449363192,21.9340290167011,20.961011644640866,19.968799335809432,18.96006204443361,17.937210678858392,16.902432589942258,15.857718431631955,14.804883027451035,13.745582046293812,12.681325722220505,11.613490463932079,10.543328933459627,9.471978991360755,8.40047178078344,7.329739137029006,6.260620450384907,5.193869069584565,4.130158305517432,3.070087075793401,2.014185217725182,0.9629184883370885,-0.08330673617527329,-1.1241390534333675,-2.15927791530435,-3.1884697930576733,-4.211504626327272,-5.228212556433073,-6.238460945896779,-7.242151687138277,-8.23921880438673,-9.229626353779052,-10.213366627421328,-11.190458667811248,-12.160947099405062,-13.124901284197861,-14.082414807903936,-15.033605302610757,-15.978614610578816,-16.9176092921256,-17.85078147823878,-18.778350065705794,-19.70056224914342,-20.617695380404392,-21.530059141494302,-22.43799801242904,-23.3418940104845,-24.24216967210501,-25.139291243380733,-26.03377203945272,-26.92617592734534,-27.817120880328037,-28.70728254459078,-29.59739775021863,-30.488267887402547,-31.38076205452705,-32.27581986598479,-33.17445378278078,-34.07775079644452,-34.98687325446642,-35.903058561213285,-36.827617419730316,-37.76193019469364,-38.707440872976406,-39.665647974400066,-40.6380916210475,-41.626335810917006,-42.6319447660157,-43.65645204680443,-44.70132096253356,-45.76789468970362,-46.85733448264846,-47.97054448389258,-49.1080820025602,-50.27005283514174,-51.4559923819288,-52.66473509716893,-53.89427730975428,-55.141641696204154,-56.40275555738711,-57.67235917102584,-58.94396413878615,-60.20988369365158,-61.46135592772831,-62.68877535147217,-63.88203712290806,-65.03098195924784,-66.12591033598238,-67.15811628836916,-68.12037935372416,-69.00735271200169,-69.81579839056174,-70.54464430493876,-71.1948668980094,-71.7692295672062,-72.27192459030343,-72.70817200066506,-73.08382383331805,-73.40501005522677,-73.67784778845821,-73.90822182704558,-74.10163408886767,-74.26311317007128,-74.3971721701049,-74.50780252096968,-74.59849270208653,-74.67226263377151,-74.73170664522036,-74.77903986715376,-74.81614454285656,-74.84461403923532,-74.86579329292508,-74.88081509704857,-74.89063208193386,-74.89604452430065,-74.89772428169718,-74.89623522977294,-74.89205060736835,-74.88556766858255,-74.87712001596113,-74.86698795412435,-74.85540716460089,-74.84257596407694,-74.82866137187372,-74.81380417933603,-74.79812318440187,-74.78171872896634,-74.76467565456227,-74.74706577304242,-74.72894993300075,-74.71037974924458,-74.69139905137406,-74.67204509811873,-74.65234959623798,-74.63233955626444,-74.6120380119418,-74.59146462570057,-74.5706361987713,-74.54956710142758,-74.52826963627018,-74.50675434532153,-74.48503026991969,-74.4631051709215,-74.44098571549421,-74.41867763575148,-74.39618586363643,-74.37351464574425,-74.35066764118372,-74.32764800508232,-74.30445845992578,-74.28110135657701,-74.25757872652967,-74.23389232670893,-74.21004367792793,-74.186034097938,-74.1618647298662,-74.13753656671324,-74.1130504724827,-74.08840720042637,-74.0636074088182,-74.03865167460776,-74.01354050525255,-73.98827434898406,-73.96285360372585,-73.93727862484961,-73.91154973192906,-73.88566721462793,-73.85963133783947,-73.83344234617799,-73.80710046790877,-73.78060591839098,-73.75395890309741,-73.72715962026648,-73.70020826323386,-73.67310502248532,-73.64585008746587,-73.61844364817658,-73.59088589658519,-73.56317702787415,-73.53531724154583,-73.5073067424026,-73.4791457414168,-73.45083445650384,-73.42237311321009,-73.39376194532534,-73.36500119542885,-73.33609111537642,-73.30703196673538,-73.27782402117315,-73.24846756080463,-73.21896287850291,-73.18931027817717,-73.15951007502126,-73.12956259573602,-73.09946817872797,-73.06922717428681,-73.03883994474363,-73.00830686461185,-72.97762832071237,-72.94680471228435,-72.91583645108295,-72.88472396146507,-72.85346768046406,-72.82206805785438,-72.79052555620677,-72.7588406509348,-72.7270138303333,-72.6950455956093,-72.66293646090574,-72.63068695331867,-72.59829761290806,-72.56576899270264,-72.53310165869922,-72.5002961898564,-72.46735317808327,-72.4342732282231,-72.4010569580323,-72.36770499815468,-72.33421799209142,-72.30059659616659,-72.26684147948852,-72.23295332390714,-72.19893282396727,-72.16478068685804,-72.13049763235848,-72.09608439277945,-72.06154171290173,-72.02687034991072,-71.9920710733274,-71.95714466493585,-71.9220919187074,-71.88691364072119,-71.8516106490816,-71.81618377383211,-71.78063385686609,-71.74496175183417,-71.70916832404849,-71.67325445038377,-71.63722101917514,-71.601068930113,-71.56479909413459,-71.5284124333127,-71.49190988074125,-71.4552923804179,-71.41856088712365,-71.38171636629956,-71.34475979392055,-71.30769215636627,-71.27051445028921,-71.2332276824799,-71.19583286972943,-71.1583310386891,-71.12072322572742,-71.08301047678442,-71.04519384722332,-71.00727440167945,-70.96925321390682,-70.93113136662191,-70.89290995134503,-70.85459006823925,-70.81617282594682,-70.77765934142323,-70.73905073976884,-70.70034815405829,-70.6615527251675,-70.62266560159853,-70.58368793930217,-70.54462090149843,-70.50546565849486,-70.46622338750278,-70.4268952724516,-70.38748250380102,-70.34798627835136,-70.308407799052,-70.26874827480802,-70.22900892028491,-70.18919095571174,-70.14929560668244,-70.1093241039556,-70.06927768325258,-70.02915758505412,-69.98896505439546,-69.94870134066007,-69.90836769737189,-69.86796538198641,-69.82749565568037,-69.78695978314025,-69.74635903234972,-69.70569467437583,-69.66496798315434,-69.6241802352739,-69.58333270975945,-69.54242668785469,-69.50146345280376,-69.4604442896322,-69.4193704849272,-69.37824332661724,-69.33706410375123,-69.29583410627707,-69.25455462481985,-69.21322695045963,-69.17185237450893,-69.13043218829003,-69.08896768291198,-69.04746014904764,-69.00591087671049,-68.96432115503163,-68.92269227203677,-68.88102551442333,-68.83932216733783,-68.79758351415346,-68.75581083624807,-68.71400541278253,-68.67216852047946,-68.63030143340266,-68.588405422737,-68.54648175656898,-68.50453169966809,-68.46255651326886,-68.42055745485382,-68.3785357779373,-68.33649273185027,-68.2944295615262,-68.25234750728801,-68.21024780463613,-68.16813168403786,-68.12600037071799,-68.0838550844507,-68.04169703935295,-67.99952744367926,-67.95734749961801,-67.91515840308939,-67.87296134354493,-67.83075750376867,-67.78854805968015,-67.74633418013921,-67.7041170267526,-67.66189775368245,-67.61967750745684,-67.57745742678225,-67.53523864235814,-67.49302227669364,-67.45080944392633,-67.40860124964335,-67.36639879070464,-67.32420315506853,-67.28201542161973,-67.23983665999958,-67.19766793043884,-67.15551028359287,-67.1133647603794,-67.07123239181871,-67.02911419887657,-66.9870111923096,-66.94492437251341,-66.90285472937343,-66.86080324211834,-66.81877087917633,-66.77675859803409,-66.73476734509863,-66.69279805556188,-66.65085165326812,-66.60892905058435,-66.56703114827343,-66.5251588353702,-66.48331298906055,-66.44149447456326,-66.39970414501497,-66.357942841358,-66.31621139223114,-66.27451061386346,-66.23284130997105,-66.19120427165677,-66.14960027731297,-66.10803009252722,-66.06649446999094,-66.02499414941119,-65.9835298574252,-65.94210230751804,-65.90071219994324,-65.85936022164627,-65.818047046191,-65.77677333368912,-65.73553973073244,-65.69434687032806,-65.65319537183642,-65.61208584091223,-65.5710188694482,-65.52999503552154,-65.48901490334326,-65.44807902321027,-65.40718793146007,-65.36634215042824,-65.32554218840843,-65.28478853961519,-65.2440816841491,-65.2034220879646,-65.16281020284032,-65.12224646635173,-65.08173130184632,-65.04126511842104,-65.00084831090209,-64.96048125982698,-64.92016433142877,-64.8798978776224,-64.83968223599322,-64.79951772978754,-64.75940466790503,-64.7193433448932,-64.67933404094366,-64.63937702189013,-64.59947253920828,-64.55962083001712,-64.5198221170821,-64.48007660881959,-64.44038449930291,-64.40074596826975,-64.36116118113081,-64.32163028897972,-64.28215342860412,-64.24273072249777,-64.20336227887371,-64.16404819167828,-64.12478854060596,-64.08558339111502,-64.04643279444376,-64.00733678762735,-63.968295393515156,-63.929308620788426,-63.89037646397835,-63.85149890348423,-63.812675905591846,-63.77390742249182,-63.735193392297866,-63.69653373906493,-63.657928372807,-63.61937718951457,-63.58088007117164,-63.54243688577209,-63.504047487335434,-63.46571171592173,-63.4274293976456,-63.389200344689286,-63.351024355314536,-63.312901213873275,-63.27483069081695,-63.236812542704406,-63.19884651220817,-63.16093232811907,-63.123069705348996,-63.085258344931795,-63.04749793402201,-63.00978814589153,-62.97212863992383,-62.93451906160587,-62.89695904251731,-62.859448200317104,-62.8219861387272,-62.78457244751326,-62.74720670246231,-62.70988846535698,-62.67261728394653,-62.635392691914134,-62.59821420884056,-62.56108134016393,-62.52399357713547,-62.486950396771086,-62.44995126179856,-62.41299562060027,-62.376082907151165,-62.339212540951955,-62.302383926957184,-62.26559645549813,-62.22884950220026,-62.192142427895156,-62.15547457852652,-62.118845285050305,-62.08225386332855,-62.04569961401688,-62.009181822445306,-61.972699758492205,-61.936252676451204,-61.899839814890754,-61.86346039650615,-61.827113627963705,-61.790798699736904,-61.7545147859342,-61.71826104411821,-61.68203661511604,-61.64584062282043,-61.60967217398142,-61.57353035798826,-61.537414246641205,-61.50132289391288,-61.465255335698906,-61.429210589557385,-61.393187654436915,-61.357185510392746,-61.321203118290704,-61.28523941949843,-61.249293335563614,-61.21336376787866,-61.17744959733146,-61.14154968394171,-61.10566286648239,-61.06978796208576,-61.03392376583353,-60.99806905033048,-60.96222256526115,-60.926383036928854,-60.89054916777653,-60.854719635888706,-60.81889309447402,-60.78306817132752,-60.747243468272075,-60.71141756057818,-60.675588996361334,-60.63975629595624,-60.60391795126692,-60.568072425091984,-60.53221815042401,-60.49635352972221,-60.46047693415729,-60.42458670282759,-60.38868114194527,-60.35275852399158,-60.31681708683995,-60.28085503284566,-60.24487052790089,-60.208861700453745,-60.17282664048983,-60.13676339847504,-60.1006699842579,-60.06454436592989,-60.028384468642166,-59.992188173376775,-59.955953315670676,-59.91967768429055,-59.883359019856385,-59.84699501341184,-59.81058330493901,-59.77412148181539,-59.73760707721061,-59.701037568420304,-59.664410375134516,-59.62772285763785,-59.59097231493832,-59.55415598282191,-59.51727103182954,-59.480314565153016,-59.44328361644645,-59.406175147549256,-59.368986046116845,-59.331713123154834,-59.29435311045235,-59.256902657909805,-59.21935833075633,-59.18171660665165,-59.143973872667075,-59.106126422139894,-59.068170451395154,-59.03010205632851,-58.99191722884346,-58.95361185313595,-58.915181701818845,-58.87662243187848,-58.837929580454976,-58.79909856043751,-58.760124655865305,-58.721003017124566,-58.681728655930904,-58.642296440086334,-58.60270108799924,-58.562937162954924,-58.522999067123756,-58.482881035293076,-58.4425771283082,-58.40208122620695,-58.36138702103121,-58.320488009298,-58.279377484111414,-58.23804852689568,-58.196493998728265,-58.15470653125066,-58.112678517133084,-58.07040210006769,-58.027869164263336,-57.98507132341314,-57.94199990910411,-57.89864595863624,-57.85500020221602,-57.811053049487256,-57.76679457535924,-57.72221450508981,-57.67730219857771,-57.63204663381571,-57.58643638945215,-57.5404596264053,-57.494104068470506,-57.447356981856096,-57.40020515357916,-57.352634868647236,-57.3046318859466,-57.25618141275169,-57.20726807776399,-57.157875902581495,-57.10798827149231,-57.057587899477866,-57.006656798301904,-56.95517624055196,-56.9031267214891,-56.850487918550364,-56.797238648335316,-56.743356820894704,-56.68881939112374,-56.63360230704613,-56.577680454756994,-56.521027599772665,-56.46361632451407,-56.405417961626064,-56.346402522809264,-56.28653862281187,-56.22579339819743,-56.164132420469464,-56.10151960309534,-56.037917101929516,-55.97328520848899,-55.90758223548217,-55.84076439393472,-55.772785661192344,-55.70359763900969,-55.633149400856276,-55.56138732748274,-55.48825492969399,-55.41369265716709,-55.3376376920314,-55.260023725793026,-55.1807807180351,-55.099834635156114,-55.01710716721884,-54.9325154207698,-54.84597158524955,-54.75738257034459,-54.66664961132809,-54.57366783909319,-54.47832581119495,-54.38050499977772,-54.28007923176661,-54.1769140761359,-54.07086617242399,-53.96178249393096,-53.84949953819869,-53.73384243641694,-53.614623972304386,-53.49164349975826,-53.364685747124355,-53.23351949427997,-53.09789610681009,-52.95754790934884,-52.812186377604014,-52.66150012562297,-52.5051526614223,-52.34277988010858,-52.173987258963166,-51.99834671353247,-51.81539306741567,-51.62462008100633,-51.42547597572346,-51.21735838002196,-50.99960861141863,-50.77150519456865,-50.53225649867699,-50.28099235775041,-50.01675451382471,-49.73848569567387,-49.44501711284468,-49.13505410626616,-48.807159651131485,-48.4597353540976,-48.09099952385646,-47.698961820526776,-47.28139390390103,-46.83579540244225,-46.359354413768536,-45.848901624095035,-45.30085700174828,-44.71116788503857,-44.07523715998483,-43.38784013062085,-42.64302866083526,-41.83402127216208,-40.95307821261543,-39.99136121748401,-38.93877899410805,-37.78382172615475,-36.51339162255239,-35.11264247638657,-33.56485040036456,-31.85135179991673,-29.9516050805896,-27.843461708256527,-25.50377192106387,-22.909500508321507,-20.039582281640133,-16.877784121547826,-13.416812238796433,-9.663723593584113,-5.646260720962162,-1.4189721908900506,2.932951807205889,7.294820002168706,11.530789330987748,15.499574281374713,19.074427268568993,22.16163945319465,24.711710014085828,26.72023968110922,28.219782085071405,29.266821962313188,29.928481753606846,30.272062539307854,30.358509970632568,30.23941359311491,29.956494075873547,29.542500646078377,29.022701377959503,28.416461219213204,27.738652950506072,27.00080853979849,26.21200692215444,25.37953361042347,24.509358904062143,23.606479208716898,22.675158511272716,21.719098662114426,20.741559648945316,19.745445074368075,18.733363552398224,17.707673477018847,16.670516305951825,15.62384189235248,14.569428285216498,13.508897655926193,12.44372948576606,11.37527179177745,10.304750923730623,9.233280297466886,8.161868314992102,7.0914256428642135,6.022771966284707,4.956642299139266,3.8936929047325872,2.8345068644769995,1.7795993198041404,0.7294224043282009,-0.31563012241292765,-1.3552185323150945,-2.389053072724429,-3.4168901948349095,-4.438529065895537,-5.453808366079933,-6.462603372119572,-7.464823330929219,-8.460409127477694,-9.449331252068605,-10.431588072962805,-11.40720442084903,-12.37623049199373,-13.338741076910022,-14.294835121013268,-15.244635622913203,-16.188289874676038,-17.125970046532863,-18.05787411609156,-18.984227139127263,-19.905282855506275,-20.821325619788354,-21.7326726416209,-22.6396765162675,-23.54272802058352,-24.44225914452658,-25.33874632289481,-26.23271382637922,-27.1247372650623,-28.015447150931212,-28.9055324583819,-29.795744112464746,-30.686898322945492,-31.57987966707442,-32.47564380396983,-33.375219677167635,-34.279711027352214,-35.19029699251438,-36.10823151554195,-37.03484120720006,-37.971521223322405,-38.91972860685069,-39.88097241690555,-40.856799818517025,-41.84877714051761,-42.858464731717376,-43.88738426889982,-44.93697701485415,-46.00855142278418,-47.103218482852604,-48.22181337486164,-49.36480241845624,-50.53217511208598,-51.72332235466683,-52.93690387999998,-54.17071060021949,-55.42153095641496,-56.685034343485334,-57.95568876802205,-59.226733299790304,-60.490227377749385,-61.7371971353728,-62.957892183482315,-64.14215396380293,-65.279879510764,-66.36154487428476,-67.37873513757403,-68.32461835525767,-69.19430317961917,-69.98503556772224,-70.69621562327943,-71.32924470821673,-71.8872378522787,-72.37465149068764,-72.79687969185883,-73.15986505328605,-73.46975737743338,-73.73263850821809,-73.9543186963176,-74.14020035828361,-74.29519945592696,-74.42371238100128,-74.52961622993234,-74.61629173385623,-74.68666010414653,-74.74322714557577,-74.78812988328644,-74.82318251496473,-74.84991970962898,-74.86963615982155,-74.88342190972772,-74.89219338774409,-74.89672032296902,-74.8976488663199,-74.89552130376431,-74.89079276764538,-74.88384534095752,-74.87499992154788,-74.86452617713671,-74.85265088323698,-74.83956489783651,-74.82542899096883,-74.81037871497563,-74.79452847269467,-74.77797491596667,-74.76079978551846,-74.74307228511766,-74.72485106754048,-74.70618589698127,-74.68711904171553,-74.66768644179314,-74.64791868900869,-74.62784185013079,-74.60747815916372,-74.58684660008991,-74.56596339794972,-74.54484243313344,-74.52349559128506,-74.5019330591612,-74.4801635750809,-74.45819464118178,-74.4360327035177,-74.41368330504972,-74.39115121576368,-74.36844054346533,-74.34555482823419,-74.32249712304238,-74.29927006264658,-74.27587592252905,-74.25231666938524,-74.22859400442188,-74.20470940053353,-74.18066413426116,-74.1564593132978,-74.13209590018992,-74.10757473278501,-74.08289654189309,-74.05806196655988,-74.03307156729038,-74.00792583751162,-73.98262521352079,-73.95717008312934,-73.93156079318294,-73.9057976561113,-73.87988095564003,-73.85381095177756,-73.82758788517455,-73.80121198093933,-73.77468345198129,-73.74800250194423,-73.72116932778309,-73.69418412203021,-73.66704707479086,-73.63975837550271,-73.61231821448887,-73.5847267843305,-73.55698428108131,-73.52909090534358,-73.50104686322233,-73.47285236717275,-73.44450763675334,-73.41601289929616,-73.38736839050382,-73.35857435498171,-73.32963104671296,-73.30053872948261,-73.27129767725657,-73.24190817452046,-73.21237051658272,-73.18268500984566,-73.15285197204794,-73.12287173248146,-73.09274463218509,-73.0624710241177,-73.03205127331239,-73.00148575701381,-72.9707748647999,-72.93991899868979,-72.90891857323865,-72.877774015621,-72.84648576570304,-72.81505427610513,-72.78348001225504,-72.75176345243263,-72.71990508780651,-72.68790542246339,-72.65576497343028,-72.62348427069023,-72.5910638571918,-72.55850428885266,-72.52580613455757,-72.49296997615104,-72.45999640842486,-72.4268860391007,-72.39363948880802,-72.36025739105743,-72.32674039220953,-72.29308915143957,-72.25930434069797,-72.22538664466663,-72.19133676071141,-72.15715539883071,-72.1228432816002,-72.0884011441139,-72.05382973392156,-72.01912981096241,-71.98430214749546,-71.9493475280262,-71.91426674922997,-71.87906061987185,-71.84372996072322,-71.80827560447501,-71.77269839564764,-71.73699919049776,-71.70117885692177,-71.66523827435617,-71.6291783336747,-71.5929999370825,-71.55670399800701,-71.52029144098601,-71.48376320155252,-71.44712022611671,-71.4103634718449,-71.37349390653561,-71.33651250849272,-71.29942026639567,-71.262218179167,-71.22490725583687,-71.18748851540498,-71.14996298669962,-71.11233170823411,-71.07459572806042,-71.0367561036203,-70.9988139015937,-70.96077019774461,-70.92262607676437,-70.88438263211255,-70.84604096585521,-70.80760218850082,-70.76906741883381,-70.7304377837457,-70.6917144180639,-70.6528984643783,-70.61399107286562,-70.5749934011115,-70.5359066139305,-70.496731883184,-70.4574703875959,-70.41812331256659,-70.37869184998462,-70.33917719803668,-70.29958056101559,-70.25990314912653,-70.2201461782914,-70.18031086995154,-70.14039845086873,-70.10041015292455,-70.06034721291817,-70.02021087236265,-69.9800023772797,-69.93972297799311,-69.89937392892074,-69.85895648836522,-69.81847191830344,-69.7779214841748,-69.7373064546683,-69.69662810150867,-69.65588769924126,-69.61508652501625,-69.57422585837165,-69.53330698101568,-69.49233117660829,-69.4512997305419,-69.41021392972159,-69.36907506234456,-69.32788441767916,-69.28664328584334,-69.2453529575828,-69.20401472404862,-69.16262987657483,-69.12119970645549,-69.0797255047218,-69.03820856191903,-68.99665016788347,-68.95505161151928,-68.91341418057557,-68.87173916142356,-68.83002783883401,-68.78828149575486,-68.74650141308929,-68.70468886947417,-68.66284514105895,-68.62097150128518,-68.57906922066654,-68.53713956656956,-68.49518380299517,-68.45320319036088,-68.41119898528396,-68.3691724403655,-68.32712480397544,-68.28505732003863,-68.24297122782208,-68.20086776172329,-68.15874815105985,-68.1166136198604,-68.0744653866568,-68.03230466427785,-67.9901326596444,-67.94795057356605,-67.90575960053937,-67.86356092854784,-67.82135573886342,-67.77914520584994,-67.73693049676828,-67.69471277158338,-67.65249318277324,-67.61027287513981,-67.56805298562199,-67.52583464311063,-67.48361896826567,-67.44140707333551,-67.3992000619785,-67.35699902908675,-67.31480506061226,-67.27261923339535,-67.23044261499554,-67.18827626352484,-67.14612122748352,-67.10397854559835,-67.0618492466635,-67.0197343493839,-66.9776348622213,-66.935551783243,-66.89348609997319,-66.85143878924708,-66.80941081706776,-66.76740313846575,-66.72541669736151,-66.68345242643065,-66.64151124697199,-66.59959406877857,-66.55770179001145,-66.51583529707649,-66.47399546450397,-66.43218315483125,-66.39039921848826,-66.34864449368604,-66.3069198063082,-66.26522596980537,-66.2235637850926,-66.18193404044978,-66.14033751142503,-66.0987749607411,-66.05724713820467,-66.01575478061875,-65.97429861169796,-65.93287934198679,-65.8914976687809,-65.85015427605126,-65.80884983437124,-65.76758500084675,-65.72636041904909,-65.6851767189508,-65.6440345168644,-65.60293441538383,-65.56187700332893,-65.5208628556925,-65.47989253359023,-65.43896658421336,-65.39808554078405,-65.35724992251338,-65.316460234562,-65.27571696800348,-65.23502059979002,-65.1943715927209,-65.15377039541323,-65.11321744227527,-65.07271315348204,-65.03225793495334,-64.99185217833403,-64.95149626097657,-64.91119054592573,-64.87093538190548,-64.83073110330787,-64.79057803018405,-64.75047646823717,-64.71042670881718,-64.67042902891758,-64.63048369117378,-64.59059094386329,-64.55075102090755,-64.51096414187529,-64.47123051198737,-64.43155032212316,-64.39192374882819,-64.35235095432313,-64.31283208651394,-64.27336727900318,-64.23395665110242,-64.1946003078455,-64.15529834000286,-64.11605082409646,-64.07685782241563,-64.03771938303345,-63.998635539823646,-63.959606312478094,-63.92063170652453,-63.88171171334467,-63.842846310192435,-63.8040354602123,-63.765279112457655,-63.726577201909066,-63.687929649492304,-63.649336362096115,-63.61079723258958,-63.572312139839,-63.53388094872411,-63.49550351015368,-63.45717966108023,-63.41890922451385,-63.380692009534975,-63.34252781130606,-63.30441641108193,-63.266357576218816,-63.22835106018188,-63.190396602551154,-63.15249392902575,-63.11464275142622,-63.07684276769494,-63.039093661894476,-63.00139510420363,-62.96374675091122,-62.92614824440736,-62.88859921317212,-62.851099271761505,-62.81364802079046,-62.77624504691295,-62.73888992279883,-62.701582207107464,-62.66432144445781,-62.62710716539502,-62.58993888635318,-62.55281610961426,-62.51573832326291,-62.47870500113706,-62.441715602774174,-62.4047695733529,-62.367866343630006,-62.33100532987243,-62.294185933784256,-62.25740754242836,-62.22066952814271,-62.18397124845092,-62.14731204596705,-62.110691248294266,-62.074108167917366,-62.03756210208873,-62.00105233270766,-61.964578126192805,-61.92813873334743,-61.89173338921731,-61.855361312941035,-61.81902170759245,-61.78271376001492,-61.74643664064727,-61.71018950334101,-61.673971485168664,-61.63778170622279,-61.60161926940554,-61.56548326020833,-61.529372746481336,-61.4932867781925,-61.4572243871757,-61.421184586867724,-61.38516637203367,-61.34916871848041,-61.31319058275773,-61.277230901846686,-61.241288592834884,-61.20536255257809,-61.169451657347786,-61.13355476246427,-61.0976707019147,-61.061798287955625,-61.02593631069951,-60.99008353768464,-60.95423871342792,-60.91840055895989,-60.882567771341435,-60.84673902316148,-60.81091296201505,-60.775088209960984,-60.73926336295862,-60.70343699028263,-60.66760763391537,-60.63177380791569,-60.595933997763716,-60.56008665968032,-60.5242302199207,-60.48836307404092,-60.45248358613645,-60.416590088051755,-60.380680878559666,-60.344754222509614,-60.308808349943355,-60.27284145517707,-60.23685169584848,-60.200837191927654,-60.16479602469011,-60.128726235650696,-60.092625825456714,-60.0564927527387,-60.02032493291713,-59.98412023696332,-59.94787649011264,-59.91159147052808,-59.87526290791219,-59.838888482065215,-59.80246582138724,-59.76599250132192,-59.72946604273943,-59.69288391025602,-59.65624351048745,-59.619542190233496,-59.58277723459055,-59.545945864989186,-59.50904523715336,-59.472072438977875,-59.43502448832041,-59.397898330704315,-59.3606908369282,-59.32339880057804,-59.286018935437376,-59.248547872790965,-59.210982158616886,-59.173318250662014,-59.135552515395275,-59.09768122483305,-59.05970055323058,-59.02160657363292,-58.98339525427888,-58.945062454850536,-58.90660392256104,-58.86801528807264,-58.82929206123655,-58.79042962664576,-58.751423238991464,-58.712268018213095,-58.672958944431535,-58.63349085265435,-58.59385842724125,-58.554056196117386,-58.51407852472117,-58.473919609672684,-58.4335734721478,-58.393033950942225,-58.352294695208776,-58.311349156850106,-58.270190582548004,-58.22881200540923,-58.18720623620653,-58.14536585419218,-58.103283197459895,-58.06095035282943,-58.018359145226455,-57.975501126528556,-57.93236756384623,-57.88894942720574,-57.84523737659833,-57.80122174835804,-57.75689254082773,-57.71223939927001,-57.66725159997705,-57.62191803352968,-57.57622718715297,-57.53016712611151,-57.483725474083684,-57.43688939244976,-57.389645558423766,-57.34198014195419,-57.2938787813127,-57.245326557284244,-57.196307965865095,-57.14680688936855,-57.09680656582994,-57.04628955659447,-56.99523771196208,-56.94363213475354,-56.89145314165126,-56.83868022215634,-56.78529199499049,-56.731266161757354,-56.67657945766234,-56.621207599073195,-56.56512522768504,-56.508305851033455,-56.45072177907693,-56.392344056545596,-56.33314239072653,-56.273085074326346,-56.212138903019515,-56.1502690872551,-56.0874391578552,-56.02361086489514,-55.95874406930713,-55.892796626596336,-55.82572426199926,-55.75748043634933,-55.688016201842046,-55.61728004681196,-55.54521772854414,-55.471772093043356,-55.396882880573415,-55.32048651565494,-55.24251588007191,-55.16290006728217,-55.08156411645384,-54.99842872415499,-54.913409931505434,-54.82641878435375,-54.73736096376578,-54.64613638379888,-54.55263875318345,-54.45675509713463,-54.3583652350654,-54.25734120945983,-54.15354666058329,-54.046836141043876,-53.93705436346457,-53.82403537366374,-53.70760164075655,-53.58756305446123,-53.463715818599894,-53.33584122829614,-53.203704316659206,-53.067052354770496,-52.925613186507306,-52.77909337709987,-52.62717615125847,-52.46951909315488,-52.30575157640958,-52.13547188741964,-51.95824399973942,-51.77359395065012,-51.58100576335128,-51.379916849168715,-51.169712813551406,-50.949721577129196,-50.719206708371466,-50.47735984700588,-50.22329207682995,-49.95602408229006,-49.67447489452417,-49.37744899866291,-49.06362153413243,-48.731521272449235,-48.3795110013746,-48.00576487904992,-47.608242245596905,-47.18465729148139,-46.73244388089373,-46.24871471440891,-45.73021388953644,-45.17326178412686,-44.57369105365831,-43.92677241343925,-43.22712879549863,-42.468636468699074,-41.644311856362194,-40.74618318460212,-39.765146911823265,-38.690810378038904,-37.51132465123613,-36.21321569604846,-34.78122855324261,-33.19820932659593,-31.44506495114262,-29.5008628972696,-27.343164308258594,-24.948726213562967,-22.294760387617327,-19.36098942960968,-16.13276874980568,-12.605489931110174,-8.790252610778381,-4.720282342276834,-0.4567529697255335,3.908246867577528,8.254313617727531,12.442809122246143,16.33390736862699,19.80679732200175,22.7769959742266,25.20533763903646,27.096608359532702,28.48989520071524,29.445137435078095,30.030268312747378,30.311600929978113,30.348150727414428,30.189288017775578,29.874625920669676,29.435109239624683,28.894557831870603,28.271222400969986,27.579141527357375,26.829232662733276,26.03012530283003,25.188776083654655,24.31091286701654,23.40135091320099,22.464216302319095,21.50310347852532,20.521186636573663,19.521299040229078,18.505990164227473,17.477567525580696,16.438127936057047,15.389581423748238,14.333670048693008,13.271983135839147,12.205969968410395,11.136950656275118,10.066125669118046,8.994584370210173,7.923312780946249,6.85320073381544,5.785048521686681,4.719573117114383,3.6574140119244882,2.599138711265703,1.5452479052847254,0.4961803339986315,-0.5476826443241465,-1.586012774673532,-2.6185309127915604,-3.6450033167843,-4.665238222617466,-5.679082704639319,-6.68641982349248,-7.687166064880259,-8.681269073654319,-9.668705688573194,-10.649480283809906,-11.623623423811365,-12.591190838372249,-13.552262724715616,-14.506943382906298,-15.455361189998591,-16.397668916885916,-17.334044389839004,-18.264691496173715,-19.189841530384687,-20.109754873446796,-21.02472299387589,-21.935070754626096,-22.841159005065453,-23.74338743219399,-24.64219764000527,-25.538076420456914,-26.431559173847205,-27.32323343033279,-28.213742417571844,-29.10378861158079,-29.99413719819981,-30.88561936020444,-31.77913528897136,-32.67565679834519,-33.576229390342384,-34.48197358569724,-35.394085284906836,-36.31383486509628,-37.24256464236202,-38.181684236023756,-39.132663258585055,-40.09702062219152,-41.07630959957935,-42.072097608160405,-43.08593950739137,-44.119343025601374,-45.17372478575997,-46.25035531558059,-47.35029145776461,-48.47429481350111,-49.62273535212534,-50.79548022004362,-51.99176921504571,-53.21008048463776,-54.44799284130145,-55.70205463843274,-56.96767319720136,-58.23904279729177,-59.5091323407587,-60.769754676554996,-62.01173671291536,-63.22520149961067,-64.39995991410146,-65.525991491498,-66.59397440721168,-67.5958085522019,-68.52506842416267,-69.37732798469945,-70.15031791470687,-70.84390277769577,-71.45989438268903,-72.00174070724546,-72.4741421256956,-72.88264730460519,-73.23327239732873,-73.53217336988583,-73.78538670257646,-73.99864138291655,-74.1772364739241,-74.32597370818226,-74.44913282574416,-74.55047775944135,-74.63328334618859,-74.70037429558079,-74.75417021370683,-74.79673230766146,-74.82980888196921,-74.85487787192285,-74.87318547898977,-74.88578053734756,-74.89354460763334,-74.89721801693783,-74.89742218601408,-74.89467863872348,-74.88942509925145,-74.88202906682959,-74.87279922737777,-74.86199502440553,-74.84983467260285,-74.83650185976413,-74.82215134765599,-74.80691365094032,-74.79089894553528,-74.77420033376299,-74.75689657303307,-74.73905435730752,-74.72073022581334,-74.70197216105247,-74.682820927764,-74.66331119581709,-74.64347248278428,-74.62332994593184,-74.60290504836674,-74.58221611992933,-74.56127882997565,-74.5401065863321,-74.5187108723306,-74.4971015318593,-74.47528701072517,-74.45327456126203,-74.43107041598407,-74.40867993514127,-74.38610773224734,-74.36335778099482,-74.34043350642541,-74.3173378627668,-74.29407339996489,-74.27064232062109,-74.24704652877655,-74.22328767176042,-74.19936717613115,-74.17528627858141,-74.15104605254388,-74.12664743112333,-74.10209122688583,-74.077378148956,-74.0525088178062,-74.02748377806458,-74.00230350962036,-73.97696843726456,-73.95147893906899,-73.92583535367767,-73.90003798665924,-73.87408711604817,-73.84798299718399,-73.82172586694273,-73.79531594744134,-73.76875344928474,-73.74203857441537,-73.715171518617,-73.68815247371741,-73.66098162952859,-73.63365917555775,-73.60618530251806,-73.57856020366422,-73.55078407597458,-73.52285712119848,-73.49477954678565,-73.46655156671143,-73.43817340221058,-73.40964528243045,-73.38096744501277,-73.35214013661263,-73.3231636133615,-73.29403814128088,-73.26476399665195,-73.23534146634607,-73.20577084812044,-73.17605245088248,-73.14618659492645,-73.11617361214485,-73.08601384621747,-73.05570765277999,-73.02525539957432,-72.99465746658232,-72.96391424614437,-72.93302614306418,-72.90199357470111,-72.87081697105083,-72.83949677481546,-72.80803344146395,-72.77642743928327,-72.74467924942135,-72.71278936592205,-72.68075829575282,-72.64858655882551,-72.61627468801065,-72.58382322914554,-72.55123274103664,-72.51850379545634,-72.48563697713439,-72.4526328837444,-72.41949212588534,-72.38621532705842,-72.35280312363942,-72.3192561648466,-72.2855751127045,-72.25176064200336,-72.2178134402547,-72.18373420764287,-72.14952365697279,-72.11518251361382,-72.08071151544003,-72.0461114127668,-72.01138296828377,-71.9765269569843,-71.94154416609149,-71.90643539498073,-71.87120145509884,-71.8358431698799,-71.80036137465777,-71.76475691657531,-71.72903065449042,-71.69318345887878,-71.65721621173354,-71.62112980646181,-71.58492514777802,-71.54860315159428,-71.51216474490761,-71.47561086568425,-71.43894246274088,-71.402160495623,-71.36526593448026,-71.32825975993904,-71.29114296297202,-71.253916544765,-71.21658151658096,-71.1791388996212,-71.14158972488386,-71.10393503301977,-71.06617587418546,-71.02831330789371,-70.99034840286137,-70.95228223685466,-70.91411589653191,-70.87585047728388,-70.83748708307144,-70.79902682626106,-70.76047082745771,-70.72182021533553,-70.68307612646612,-70.64423970514464,-70.60531210321362,-70.56629447988459,-70.52718800155763,-70.48799384163875,-70.44871318035527,-70.40934720456914,-70.36989710758837,-70.33036408897648,-70.2907493543601,-70.25105411523481,-70.2112795887691,-70.17142699760673,-70.13149756966733,-70.09149253794544,-70.05141314030796,-70.01126061929004,-69.97103622188963,-69.93074119936053,-69.89037680700406,-69.8499443039596,-69.80944495299367,-69.768880020288,-69.72825077522634,-69.68755849018038,-69.64680444029442,-69.6059899032693,-69.56511615914536,-69.5241844900845,-69.48319618015155,-69.44215251509497,-69.40105478212675,-69.35990426970184,-69.31870226729703,-69.27745006518931,-69.23614895423395,-69.19480022564207,-69.15340517075805,-69.11196508083673,-69.07048124682038,-69.02895495911567,-68.98738750737053,-68.94578018025115,-68.904134265219,-68.86245104830805,-68.82073181390226,-68.77897784451329,-68.73719042055869,-68.69537082014035,-68.65352031882364,-68.61164018941692,-68.56973170175178,-68.52779612246398,-68.48583471477504,-68.44384873827471,-68.40183944870434,-68.35980809774108,-68.3177559327832,-68.2756841967364,-68.2335941278013,-68.191486959262,-68.14936391927603,-68.10722623066555,-68.06507511070988,-68.02291177093952,-67.98073741693156,-67.93855324810679,-67.89636045752823,-67.8541602317015,-67.81195375037672,-67.76974218635235,-67.72752670528071,-67.68530846547552,-67.6430886177212,-67.60086830508436,-67.55864866272711,-67.51643081772261,-67.4742158888727,-67.43200498652773,-67.38979921240852,-67.34759965943073,-67.3054074115315,-67.26322354349843,-67.22104912080093,-67.17888519942413,-67.13673282570515,-67.09459303617196,-67.0524668573848,-67.01035530578018,-66.96825938751749,-66.92618009832832,-66.8841184233684,-66.8420753370724,-66.80005180301129,-66.75804877375265,-66.7160671907237,-66.67410798407721,-66.63217207256014,-66.59026036338531,-66.54837375210589,-66.50651312249275,-66.46467934641481,-66.4228732837223,-66.38109578213293,-66.33934767712111,-66.29762979181001,-66.25594293686673,-66.21428791040037,-66.17266549786306,-66.13107647195407,-66.08952159252682,-66.04800160649891,-66.00651724776515,-65.96506923711344,-65.92365828214383,-65.88228507719036,-65.84095030324588,-65.79965462788985,-65.75839870521902,-65.71718317578103,-65.67600866651084,-65.63487579067012,-65.59378514778936,-65.55273732361289,-65.5117328900466,-65.47077240510852,-65.42985641288205,-65.3889854434719,-65.34816001296272,-65.30738062338038,-65.26664776265577,-65.22596190459116,-65.1853235088292,-65.14473302082419,-65.10419087181596,-65.063697478806,-65.023253244536,-64.9828585574686,-64.94251379177048,-64.90221930729751,-64.86197544958209,-64.82178254982256,-64.78164092487457,-64.74155087724448,-64.70151269508457,-64.66152665219015,-64.62159300799831,-64.58171200758856,-64.54188388168491,-64.5021088466596,-64.46238710453834,-64.42271884300693,-64.38310423541921,-64.3435434408063,-64.30403660388707,-64.26458385507966,-64.22518531051408,-64.18584107204575,-64.14655122726988,-64.10731584953676,-64.06813499796759,-64.02900871747106,-63.98993703876036,-63.95091997837075,-63.91195753867736,-63.87304970791336,-63.83419646018818,-63.79539775550593,-63.756653539783706,-63.71796374486979,-63.67932828856169,-63.64074707462378,-63.60221999280458,-63.563746918853475,-63.525327714536864,-63.486962227653514,-63.448650292049095,-63.41039172762979,-63.37218634037485,-63.33403392234794,-63.29593425170724,-63.257887092714135,-63.219892195740435,-63.18194929727388,-63.14405811992199,-63.10621837241399,-63.06842974960075,-63.03069193245264,-62.99300458805508,-62.9553673696018,-62.91777991638553,-62.88024185378605,-62.84275279325558,-62.80531233230107,-62.76792005446365,-62.73057552929474,-62.6932783123289,-62.656027945053175,-62.61882395487282,-62.58166585507326,-62.54455314477804,-62.50748530890278,-62.470461818104795,-62.43348212872833,-62.396545682745185,-62.359651907690576,-62.32280021659407,-62.285990007905376,-62.249220665414846,-62.21249155816849,-62.17580204037727,-62.139151451320544,-62.1025391152434,-62.06596434124771,-62.02942642317662,-61.992924639492436,-61.95645825314738,-61.9200265114473,-61.88362864590786,-61.84726387210317,-61.81093138950635,-61.774630381322034,-61.73836001431034,-61.702119438602175,-61.66590778750549,-61.62972417730225,-61.59356770703579,-61.55743745828824,-61.52133249494775,-61.48525186296508,-61.44919459009933,-61.41315968565235,-61.37714614019153,-61.341152925260516,-61.3051789930776,-61.26922327622115,-61.233284687301904,-61.197362118621484,-61.16145444181679,-61.125560507489745,-61.08967914482198,-61.05380916117382,-61.01794934166713,-60.982098448751536,-60.94625522175322,-60.91041837640598,-60.87458660436373,-60.838758572693884,-60.80293292335095,-60.76710827262963,-60.731283210596665,-60.695456300500794,-60.65962607815987,-60.62379105132443,-60.5879496990169,-60.55210047084539,-60.51624178629131,-60.48037203396979,-60.444489570861876,-60.40859272151741,-60.37267977722765,-60.33674899516633,-60.300798597497995,-60.26482677045244,-60.228831663363835,-60.192811387673295,-60.156764015893344,-60.12068758053286,-60.084580072980906,-60.048439442347856,-60.012263594262045,-59.97605038962021,-59.939797643289815,-59.90350312276129,-59.86716454674821,-59.8307795837331,-59.79434585045681,-59.75786091034892,-59.72132227189679,-59.68472738695063,-59.64807364896181,-59.61135839115167,-59.574578884607604,-59.53773233630352,-59.500815887041114,-59.46382660930862,-59.426761505053314,-59.389617503363894,-59.35239145805873,-59.31508014517566,-59.27768026035888,-59.240188416138146,-59.20260113909542,-59.16491486691355,-59.127125945301586,-59.08923062479086,-59.051225057395655,-59.013105293132064,-58.97486727638808,-58.93650684213785,-58.89801971199229,-58.859401490078206,-58.820647658737265,-58.78175357403591,-58.742714461076666,-58.70352540910083,-58.66418136637187,-58.62467713482832,-58.58500736449413,-58.545166547634054,-58.50514901264042,-58.46494891763735,-58.424560243787155,-58.38397678828313,-58.343192157011615,-58.30219975686548,-58.26099278768975,-58.21956423383918,-58.17790685532606,-58.1360131785353,-58.09387548648231,-58.051485808587586,-58.00883590994025,-57.96591728002101,-57.92272112085281,-57.87923833454572,-57.83545951019995,-57.79137491012871,-57.74697445535987,-57.70224771037257,-57.6571838670219,-57.611771727601486,-57.56599968699018,-57.51985571382534,-57.47332733064096,-57.426401592904426,-57.37906506688085,-57.33130380624872,-57.283103327384815,-57.23444858323025,-57.1853239356428,-57.1357131261334,-57.08559924487684,-57.034964697877946,-56.98379117216559,-56.93205959887615,-56.87975011407752,-56.82684201717229,-56.7733137267058,-56.7191427333902,-56.664305550140014,-56.608777658897516,-56.55253345400724,-56.49554618187846,-56.43778787665172,-56.37922929156059,-56.31983982565265,-56.2595874455034,-56.198438601523996,-56.13635813842691,-56.07330919937368,-56.00925312328436,-55.94414933473908,-55.87795522584812,-55.81062602940636,-55.742114682581615,-55.672371680312054,-55.601344917505756,-55.528979519043965,-55.45521765648755,-55.379998350272594,-55.30325725605412,-55.22492643371503,-55.14493409739875,-55.06320434474599,-54.97965686331646,-54.89420661195225,-54.806763474587065,-54.717231883721325,-54.6255104104625,-54.531491317667665,-54.435060072315345,-54.33609481276934,-54.23446576607001,-54.13003460978955,-54.022653772305965,-53.91216566457299,-53.79840183557551,-53.68118204264481,-53.56031322664451,-53.43558838070341,-53.30678529963648,-53.17366519542853,-53.03597116211616,-52.89342647104834,-52.745732674778914,-52.592567494681994,-52.43358246370761,-52.26840029141921,-52.096611913470205,-51.91777318185481,-51.73140114545804,-51.53696986244797,-51.33390567668563,-51.12158187931452,-50.899312663726874,-50.66634626682086,-50.4218571714269,-50.16493722347808,-49.89458549232023,-49.60969667278929,-49.309047792496564,-48.991282946202695,-48.65489573014839,-48.298208991553935,-47.91935144093603,-47.5162305961615,-47.086501436159836,-46.62753003825873,-46.136351356342914,-45.60962016917489,-45.04355409365656,-44.433867425444774,-43.77569445535687,-43.06350084225167,-42.290981647647634,-41.45094482857234,-40.535179460362336,-39.534308902208736,-38.437630802157614,-37.23294867939564,-35.90640442774705,-34.4423283264037,-32.823134234270555,-31.029304201152605,-29.039530764109138,-26.831118850589064,-24.38079378710569,-21.666115256629567,-18.66774761650821,-15.372853191544229,-11.779792237110945,-7.904030694666005,-3.7845751310275686,0.5106168168587768,4.882678584366484,9.205995945654413,13.33999698855287,17.147343028486983,20.514041619220833,23.36528998315529,25.672180650623318,27.448187038669747,28.73824421983382,29.605097524699925,30.117011673306408,30.339032910148603,30.328134574903252,30.13146635775146,29.78659078631037,29.32272651092375,28.76232314839526,28.122584718929975,27.416769680333488,26.65522213967072,25.84615248238955,24.996210330828234,24.1108966585629,23.19485656111353,22.252085952040414,21.286077341325676,20.299923028049584,19.296388745822895,18.27796688737375,17.24691563085761,16.205288320413928,15.154956086760626,14.097625752760488,13.034854423967726,11.968061722902835,10.898540323964859,9.82746523927751,8.75590216417943,7.684815093940903,6.6150733566101625,5.547458161108246,4.482668728265004,3.421328050933,2.3639883145371194,1.3111359992770748,0.2631966782144657,-0.7794604793828286,-1.816518493511373,-2.847708644312158,-3.8728068268862224,-4.891630190136123,-5.9040340610597974,-6.909909157113301,-7.909179090340169,-8.901798167942058,-9.887749494817408,-10.867043384282937,-11.839716083663633,-12.80582882162928,-13.765467184002452,-14.718740824199699,-15.665783513433926,-16.606753534252395,-17.541834418879194,-18.47123603115925,-19.395195987675017,-20.313981409860972,-21.227890994734008,-22.137257387264878,-23.042449832519722,-23.943877080578172,-24.841990511934128,-25.737287445606007,-26.63031458644545,-27.521671561948708,-28.412014491915233,-29.302059526064934,-30.1925862745225,-31.084441042983837,-31.97853976723389,-32.875870519069906,-33.77749542592334,-34.68455180764446,-35.59825228387326,-36.519883541873035,-37.450803375312184,-38.39243550706782,-39.34626159199729,-40.31380965807985,-41.29663808744894,-42.29631406662605,-43.31438525632083,-44.352343260911965,-45.41157734139864,-46.493316751871895,-47.59856014453865,-48.72799075945182,-49.88187669317112,-51.05995654778354,-52.261312331468616,-53.484233735030536,-54.7260809102511,-55.98315656519651,-57.25060229026964,-58.52233793777633,-59.791065603886715,-61.04835994111766,-62.284862635459824,-63.490589689651664,-64.65534543341913,-65.76921842405832,-66.82311517176505,-67.80927308103972,-68.72168937164525,-69.55641116718829,-70.31165267213939,-70.98773348880741,-71.58686022870874,-72.11279456464425,-72.57046058529436,-72.96554254320334,-73.3041138305866,-73.59232370181965,-73.83615396960964,-74.04124632661576,-74.2127931871444,-74.35548087821255,-74.47347283584966,-74.57042118711864,-74.64949683246996,-74.71343023069304,-74.76455711771912,-74.80486514674631,-74.83603884307612,-74.85950132662424,-74.87645201290624,-74.88790001835642,-74.89469332651741,-74.89754396871813,-74.89704957714154,-74.89371171070748,-74.88795135757164,-74.88012199815212,-74.87052058021249,-74.85939671970178,-74.84696040219376,-74.83338842248827,-74.81882976564839,-74.80341010208039,-74.78723554237327,-74.77039577437151,-74.7529666850765,-74.73501255310721,-74.7165878832285,-74.69773894251757,-74.67850504775227,-74.65891964527272,-74.63901121762909,-74.6188040455573,-74.59831884902991,-74.57757332714753,-74.55658261333038,-74.53535965952487,-74.51391556086185,-74.49225983030962,-74.47040063129253,-74.4483449749378,-74.42609888752527,-74.40366755280891,-74.38105543312388,-74.35826637256369,-74.33530368498634,-74.31217022916951,-74.28886847306775,-74.26540054881745,-74.24176829987779,-74.21797332148023,-74.19401699537765,-74.16990051973207,-74.14562493485155,-74.12119114537933,-74.09659993944682,-74.07185200522575,-74.04694794524958,-74.02188828881964,-73.99667350276493,-73.97130400078534,-73.94578015157423,-73.92010228588865,-73.89427070271068,-73.86828567462342,-73.8421474525071,-73.81585626964666,-73.78941234532854,-73.76281588799439,-73.73606709800934,-73.7091661700951,-73.68211329547107,-73.6549086637407,-73.6275524645556,-73.60004488908523,-73.57238613131639,-73.54457638920391,-73.51661586569034,-73.48850476961094,-73.4602433164976,-73.4318317292937,-73.4032702389907,-73.37455908519523,-73.34569851663498,-73.31668879161026,-73.28753017839736,-73.25822295560911,-73.22876741251726,-73.19916384934085,-73.1694125775042,-73.1395139198676,-73.10946821093354,-73.07927579703109,-73.04893703648017,-73.01845229973814,-72.98782196952996,-72.95704644096361,-72.92612612163201,-72.89506143170264,-72.86385280399585,-72.83250068405268,-72.80100553019314,-72.76936781356558,-72.73758801818774,-72.70566664098006,-72.67360419179178,-72.64140119342031,-72.60905818162401,-72.57657570512907,-72.54395432563061,-72.51119461778816,-72.47829716921609,-72.44526258046889,-72.41209146502167,-72.37878444924603,-72.34534217238131,-72.3117652865017,-72.2780544564789,-72.24421035994084,-72.21023368722625,-72.17612514133536,-72.14188543787681,-72.10751530501071,-72.07301548338805,-72.03838672608647,-72.00362979854253,-71.96874547848029,-71.9337345558366,-71.89859783268287,-71.8633361231435,-71.82795025331093,-71.79244106115746,-71.75680939644374,-71.72105612062403,-71.68518210674834,-71.64918823936137,-71.61307541439825,-71.57684453907731,-71.5404965317897,-71.50403232198595,-71.46745285005962,-71.43075906722787,-71.39395193540918,-71.35703242709803,-71.32000152523682,-71.28286022308484,-71.24560952408446,-71.2082504417245,-71.17078399940088,-71.13321123027447,-71.09553317712628,-71.05775089221002,-71.01986543710191,-70.98187788254805,-70.94378930830906,-70.90560080300236,-70.8673134639418,-70.82892839697497,-70.790446716318,-70.751869544388,-70.71319801163322,-70.67443325636083,-70.63557642456249,-70.59662866973768,-70.5575911527149,-70.51846504147068,-70.47925151094653,-70.43995174286384,-70.40056692553685,-70.36109825368352,-70.32154692823467,-70.2819141561411,-70.24220115017907,-70.20240912875386,-70.16253931570175,-70.12259294009026,-70.08257123601683,-70.04247544240593,-70.00230680280464,-69.96206656517687,-69.92175598169608,-69.88137630853673,-69.8409288056644,-69.80041473662476,-69.75983536833127,-69.71919197085184,-69.6784858171944,-69.63771818309148,-69.59689034678387,-69.55600358880334,-69.51505919175464,-69.47405844009668,-69.43300261992295,-69.39189301874143,-69.35073092525384,-69.30951762913443,-69.26825442080825,-69.22694259122905,-69.18558343165692,-69.14417823343562,-69.10272828776966,-69.06123488550132,-69.01969931688755,-68.97812287137694,-68.93650683738659,-68.89485250207927,-68.8531611511407,-68.81143406855698,-68.76967253639252,-68.72787783456819,-68.68605124064,-68.64419402957823,-68.60230747354719,-68.56039284168553,-68.51845139988735,-68.47648441058402,-68.43449313252677,-68.39247882057028,-68.35044272545714,-68.30838609360336,-68.26631016688494,-68.22421618242558,-68.18210537238559,-68.13997896375209,-68.09783817813046,-68.05568423153726,-68.01351833419449,-67.97134169032547,-67.92915549795217,-67.88696094869417,-67.84475922756937,-67.80255151279634,-67.7603389755985,-67.7181227800101,-67.67590408268413,-67.63368403270212,-67.59146377138603,-67.54924443211206,-67.50702714012664,-67.46481301236456,-67.42260315726925,-67.38039867461532,-67.3382006553334,-67.29601018133727,-67.25382832535341,-67.21165615075292,-67.16949471138588,-67.1273450514183,-67.08520820517148,-67.04308519696401,-67.00097704095634,-66.95888474099802,-66.91680929047757,-66.87475167217511,-66.83271285811763,-66.79069380943712,-66.74869547623138,-66.70671879742775,-66.66476470064963,-66.62283410208575,-66.5809279063625,-66.53904700641907,-66.4971922833854,-66.45536460646328,-66.41356483281012,-66.37179380742596,-66.33005236304318,-66.28834132001934,-66.24666148623297,-66.20501365698226,-66.16339861488686,-66.12181712979255,-66.08026995867898,-66.03875784557036,-65.99728152144908,-65.95584170417239,-65.91443909839195,-65.87307439547646,-65.8317482734371,-65.79046139685595,-65.74921441681731,-65.70800797084202,-65.66684268282445,-65.62571916297256,-65.58463800775063,-65.54359979982489,-65.5026051080119,-65.46165448722971,-65.42074847845167,-65.37988760866301,-65.33907239082005,-65.29830332381204,-65.25758089242551,-65.2169055673113,-65.17627780495398,-65.13569804764379,-65.0951667234509,-65.05468424620223,-65.01425101546037,-64.97386741650496,-64.93353382031611,-64.89325058356019,-64.85301804857751,-64.81283654337226,-64.77270638160428,-64.7326278625829,-64.69260127126259,-64.65262687824037,-64.6127049397551,-64.57283569768835,-64.53301937956687,-64.49325619856673,-64.45354635351879,-64.41389002891567,-64.37428739491997,-64.33473860737384,-64.29524380780958,-64.25580312346155,-64.21641666727886,-64.17708453793921,-64.13780681986341,-64.0985835832308,-64.0594148839953,-64.02030076390204,-63.98124125050456,-63.94223635718238,-63.90328608315894,-63.86439041351974,-63.82554931923068,-63.78676275715639,-63.74803067007855,-63.709352986714094,-63.67072962173312,-63.6321604757765,-63.59364543547301,-63.55518437345595,-63.51677714837913,-63.47842360493202,-63.44012357385413,-63.40187687194838,-63.36368330209337,-63.32554265325448,-63.28745470049369,-63.249419204977904,-63.21143591398583,-63.17350456091312,-63.13562486527581,-63.09779653271178,-63.0600192549803,-63.0222927099593,-62.98461656164052,-62.94699046012213,-62.909414041598865,-62.87188692834952,-62.83440872872162,-62.79697903711313,-62.75959743395115,-62.72226348566731,-62.68497674466987,-62.64773674931224,-62.61054302385791,-62.573395078441514,-62.53629240902593,-62.49923449735525,-62.46222081090345,-62.42525080281861,-62.3883239118625,-62.35143956234536,-62.3145971640557,-62.277796112184916,-62.24103578724662,-62.20431555499035,-62.16763476630964,-62.13099275714406,-62.094388848375196,-62.05782234571627,-62.02129253959517,-61.98479870503075,-61.94834010150205,-61.91191597281036,-61.87552554693377,-61.83916803587396,-61.80284263549503,-61.76654852535414,-61.73028486852354,-61.694050811403926,-61.65784548352862,-61.621667997358415,-61.58551744806679,-61.54939291331506,-61.51329345301726,-61.477218109094366,-61.44116590521751,-61.40513584653985,-61.3691269194167,-61.333138091113554,-61.297168309501586,-61.261216502740226,-61.225281578946394,-61.18936242584993,-61.15345791043477,-61.117566878565356,-61.0816881545979,-61.04582054097579,-61.00996281780881,-60.97411374243549,-60.93827204896806,-60.902436447819376,-60.86660562521124,-60.830778242663456,-60.79495293646287,-60.75912831711185,-60.7233029687553,-60.68747544858558,-60.65164428622449,-60.61580798308146,-60.57996501168717,-60.544113815001616,-60.50825280569575,-60.47238036540568,-60.436494843958435,-60.40059455856824,-60.364677793002144,-60.32874279671395,-60.29278778394506,-60.25681093279121,-60.220810384233566,-60.18478424113289,-60.14873056718537,-60.112647385838535,-60.07653267916573,-60.04038438669747,-60.00420040420795,-59.96797858245494,-59.93171672587114,-59.89541259120498,-59.85906388610889,-59.822668267672746,-59.7862233409003,-59.74972665712614,-59.71317571237071,-59.676567945630794,-59.639900737102536,-59.60317140633435,-59.56637721030644,-59.529515341433914,-59.49258292548997,-59.45557701944577,-59.41849460922321,-59.38133260735669,-59.3440878505598,-59.30675709719261,-59.26933702462497,-59.2318242264911,-59.1942152098304,-59.15650639210918,-59.11869409811765,-59.08077455673642,-59.04274389756615,-59.00459814741384,-58.966333226628905,-58.9279449452816,-58.8894289991762,-58.85078096569066,-58.81199629943438,-58.77307032771462,-58.733998245802304,-58.694775111986765,-58.6553958424088,-58.615855205660594,-58.576147817140416,-58.53626813314933,-58.4962104447163,-58.45596887113741,-58.41553735321382,-58.374909646172384,-58.33407931225167,-58.29303971293517,-58.25178400081236,-58.21030511104684,-58.16859575242985,-58.12664839799566,-58.0844552751741,-58.04200835545381,-57.999299343527966,-57.956319665892565,-57.913060458865154,-57.869512555989914,-57.82566647479259,-57.78151240284637,-57.73704018310697,-57.692239298472636,-57.6470988555212,-57.601607567373456,-57.555753735628144,-57.50952523131015,-57.4629094747692,-57.41589341446176,-57.3684635045441,-57.32060568119874,-57.27230533761122,-57.22354729750741,-57.17431578715502,-57.12459440572549,-57.07436609390439,-57.023613100629746,-56.97231694782821,-56.9204583930086,-56.86801738956101,-56.81497304459757,-56.76130357415721,-56.706986255582315,-56.65199737685907,-56.59631218269568,-56.53990481709338,-56.48274826214428,-56.424814272766596,-56.36607330706285,-56.306494451958294,-56.246045343746424,-56.18469208313442,-56.12239914434426,-56.05912927778387,-55.99484340575763,-55.929500510634945,-55.86305751484034,-55.79546915196685,-55.72668782824614,-55.65666347353325,-55.58534338087924,-55.512672033671684,-55.438590919218186,-55.36303832753179,-55.28594913394708,-55.20725456405022,-55.12688193924347,-55.044754401082216,-54.96079061231757,-54.87490443234759,-54.787004564520956,-54.69699417244495,-54.6047704621203,-54.510224226352726,-54.41323934747006,-54.31369225389566,-54.21145132558694,-54.10637624273125,-53.99831727138927,-53.88711447897568,-53.772596871552196,-53.65458144386163,-53.5328721318325,-53.40725865590666,-53.277515241959236,-53.14339920475603,-53.00464937678874,-52.86098436289506,-52.71210059825268,-52.55767018406718,-52.397338471474185,-52.23072135975292,-52.057402269788554,-51.8769287476935,-51.6888086464426,-51.492505825107436,-51.28743529556395,-51.07295773512864,-50.848373270130864,-50.612914419573016,-50.36573806931438,-50.105916325103706,-49.83242606664998,-49.544136994021805,-49.239797921146476,-48.918021028057474,-48.57726373270762,-48.215807783413084,-47.83173510304905,-47.42289983474221,-46.98689594495893,-46.521019633022995,-46.022225676639756,-45.487076713144226,-44.911684321145074,-44.29164063723521,-43.62193913582833,-42.89688314819376,-42.109980750780934,-41.253824895374926,-40.31995821407169,-39.29872301053302,-38.17909884894837,-36.94853332568342,-35.5927767156538,-34.095739166275706,-32.43940126475874,-30.60382684144748,-28.56735287109788,-26.307067371659247,-23.799733124995473,-21.023369275008335,-17.95974948042056,-14.598076407743081,-10.939974615429715,-7.005601695991524,-2.8400235374387313,1.4819100399898497,5.854754149611322,10.148273335132272,14.220882960973988,17.938755738573832,21.195524508585482,23.926403727275886,26.11255746627077,27.77558496506403,28.965575177237103,29.747461119850154,30.189404584005732,30.3549475860866,30.298939125550255,30.06632393221888,29.692678267493257,29.20557422620872,28.62616740457078,27.97067978998191,27.251640792621792,26.478859729109033,25.66015611509132,24.801892843058035,23.90935839441356,22.98703785756213,22.038804141473715,21.068052891619857,20.077798130226963,19.0707406772103,18.04931776784763,17.01573968771381,15.97201742781287,14.919984104521268,13.861312023776225,12.797526676239995,11.730018544709747,10.660053327665546,9.588780992936842,8.517243945293933,7.446384502453051,6.377051812660964,5.310008304920013,4.245935734017439,3.18544086270516,2.12906080978833,1.0772680835530162,0.030475313527585257,-1.0109603109189633,-2.0467328898419486,-3.0765839469155747,-4.100298847457559,-5.117703500687821,-6.128661347923518,-7.133070639576586,-8.130862004878566,-9.121996319209087,-10.106462874723912,-11.084277860623082,-12.055483159814194,-13.020145468846797,-13.97835574775537,-14.930229005784875,-15.875904427827235,-16.81554584472289,-17.749342548349993,-18.677510449626993,-19.600293574208496,-20.517965886799963,-21.430833430716785,-22.339236764645467,-23.243553673612364,-24.144202126000206,-25.04164344311477,-25.936385642277664,-26.82898690860427,-27.720059144302674,-28.61027153713562,-29.50035408108368,-30.391100971488683,-31.283373783070033,-32.17810432097421,-33.07629701096487,-33.9790306632552,-34.88745940334952,-35.80281251041493,-36.72639283682752,-37.659573399310354,-38.60379163039825,-39.560540657301274,-40.531356833212,-41.5178025853264,-42.52144346919328,-43.543818140367534,-44.586399789052614,-45.65054745936249,-46.73744563420947,-47.84803057021218,-48.9829021969576,-50.142221057405024,-51.32559088713309,-52.531929142799505,-53.759330207625815,-55.004929167689305,-56.264777867119264,-57.53374907172486,-58.80548831649393,-60.072435299899524,-61.3259360905558,-62.55646242050287,-63.753943884874666,-64.90820304666224,-66.00946420317435,-67.0488879059456,-68.01907057721459,-68.91444669031071,-69.7315423682235,-70.46905218742914,-71.12773977736217,-71.71018986759998,-72.22045813876227,-72.66367227254977,-73.04563359406232,-73.37245714377535,-73.65027339177037,-73.88500094514914,-74.08218883093971,-74.24692004548821,-74.3837647226466,-74.49677060810097,-74.5894795463566,-74.66496054757003,-74.725852103765,-74.77440840494954,-74.81254578690088,-74.84188706884657,-74.86380242694236,-74.87944614795522,-74.88978907669036,-74.89564686756445,-74.89770432396413,-74.89653619719121,-74.89262484890686,-74.88637517800977,-74.87812718942939
-74.46158794449221,-74.43945173592975,-74.41712767338481,-74.39462058614755,-74.37193463241188,-74.34907339508216,-74.32603996353208,-74.30283700345849,1.9217506472196194e+32,-8.779154196543036e+144,nan,nan,nan,nan,nan,nan,nan,nan,nan,nan,nan,nan,nan,nan,nan,nan,nan,nan,nan,nan,nan,nan,nan,nan,nan,nan,nan,nan,nan,nan,nan,nan,nan,nan,nan,nan,nan,nan,nan,nan,nan,nan,nan,nan,nan,nan,nan,nan,nan,nan,nan,nan,nan,nan,nan,nan,nan,nan,nan,nan,nan,nan,nan,nan,nan,nan,nan,nan,nan,nan,nan,nan,nan,nan,nan,nan,nan,nan,nan,nan,nan,nan,nan,nan,nan,nan,nan,nan,nan,nan,nan,nan,nan,nan,nan,nan,nan,nan,nan,nan,nan,nan,nan,nan,nan,nan,nan,nan,nan,nan,nan,nan,nan,nan,nan,nan,nan,nan,nan,nan,nan,nan,nan,nan,nan,nan,nan,nan,nan,nan,nan,nan,nan,nan,nan,nan,nan,nan,nan,nan,nan,nan,nan,nan,nan,nan,nan,nan,nan,nan,nan,nan,nan,nan,nan,nan,nan,nan,nan,nan,nan,nan,nan,nan,nan,nan,nan,nan,nan,nan,nan,nan,nan,nan,nan,nan,nan,nan,nan,nan,nan,nan,nan,nan,nan,nan,nan,nan,nan,nan,nan,nan,nan,nan,nan,nan,nan,nan,nan,nan,nan,nan,nan,nan,nan,nan,nan,nan,nan,nan,nan,nan,nan,nan,nan,nan,nan,nan,nan,nan,nan,nan,nan,nan,nan,nan,nan,nan,nan,nan,nan,nan,nan,nan,nan,nan,nan,nan,nan,nan,nan,nan,nan,nan,nan,nan,nan,nan,nan,nan,nan,nan,nan,nan,nan,nan,nan,nan,nan,nan,nan,nan,nan,nan,nan,nan,nan,nan,nan,nan,nan,nan,nan,nan,nan,nan,nan,nan,nan,nan,nan,nan,nan,nan,nan,nan,nan,nan,nan,nan,nan,nan,nan,nan,nan,nan,nan,nan,nan,nan,nan,nan,nan,nan,nan,nan,nan,nan,nan,nan,nan,nan,nan,nan,nan,nan,nan,nan,nan,nan,nan,nan,nan,nan,nan,nan,nan,nan,nan,nan,nan,nan,nan,nan,nan,nan,nan,nan,nan,nan,nan,nan,nan,nan,nan,nan,nan,nan,nan,nan,nan,nan,nan,nan,nan,nan,nan,nan,nan,nan,nan,nan,nan,nan,nan,nan,nan,nan,nan,nan,nan,nan,nan,nan,nan,nan,nan,nan,nan,nan,nan,nan,nan,nan,nan,nan,nan,nan,nan,nan,nan,nan,nan,nan,nan,nan,nan,nan,nan,nan,nan,nan,nan,nan,nan,nan,nan,nan,nan,nan,nan,nan,nan,nan,nan,nan,nan,nan,nan,nan,nan,nan,nan,nan,nan,nan,nan,nan,nan,nan,nan,nan,nan,nan,nan,nan,nan,nan,nan,nan,nan,nan,nan,nan,nan,nan,nan,nan,nan,nan,nan,nan,nan,nan,nan,nan,nan,nan,nan,nan,nan,nan,nan,nan,nan,nan,nan,nan,nan,nan,nan,nan,nan,nan,nan,nan,nan,nan,nan,nan,nan,nan,nan,nan,nan,nan,nan,nan,nan,nan,nan,nan,nan,nan,nan,nan,nan,nan,nan,nan,nan,nan,nan,nan,nan,nan,nan,nan,nan,nan,nan,nan,nan,nan,nan,nan,nan,nan,nan,nan,nan,nan,nan,nan,nan,nan,nan,nan,nan,nan,nan,nan,nan,nan,nan,nan,nan,nan,nan,nan,nan,nan,nan,nan,nan,nan,nan,nan,nan,nan,nan,nan,nan,nan,nan,nan,nan,nan,nan,nan,nan,nan,nan,nan,nan,nan,nan,nan,nan,nan,nan,nan,nan,nan,nan,nan,nan,nan,nan,nan,nan,nan,nan,nan,nan,nan,nan,nan,nan,nan,nan,nan,nan,nan,nan,nan,nan,nan,nan,nan,nan,nan,nan,nan,nan,nan,nan,nan,nan,nan,nan,nan,nan,nan,nan,nan,nan,nan,nan,nan,nan,nan,nan,nan,nan,nan,nan,nan,nan,nan,nan,nan,nan,nan,nan,nan,nan,nan,nan,nan,nan,nan,nan,nan,nan,nan,nan,nan,nan,nan,nan,nan,nan,nan,nan,nan,nan,nan,nan,nan,nan,nan,nan,nan,nan,nan,nan,nan,nan,nan,nan,nan,nan,nan,nan,nan,nan,nan,nan,nan,nan,nan,nan,nan,nan,nan,nan,nan,nan,nan,nan,nan,nan,nan,nan,nan,nan,nan,nan,nan,nan,nan,nan,nan,nan,nan,nan,nan,nan,nan,nan,nan,nan,nan,nan,nan,nan,nan,nan,nan,nan,nan,nan,nan,nan,nan,nan,nan,nan,nan,nan,nan,nan,nan,nan,nan,nan,nan,nan,nan,nan,nan,nan,nan,nan,nan,nan,nan,nan,nan,nan,nan,nan,nan,nan,nan,nan,nan,nan,nan,nan,nan,nan,nan,nan,nan,nan,nan,nan,nan,nan,nan,nan,nan,nan,nan,nan,nan,nan,nan,nan,nan,nan,nan,nan,nan,nan,nan,nan,nan,nan,nan,nan,nan,nan,nan,nan,nan,nan,nan,nan,nan,nan,nan,nan,nan,nan,nan,nan,nan,nan,nan,nan,nan,nan,nan,nan,nan,nan,nan,nan,nan,nan,nan,nan,nan,nan,nan,nan,nan,nan,nan,nan,nan,nan,nan,nan,nan,nan,nan,nan,nan,nan,nan,nan,nan,nan,nan,nan,nan,nan,nan,nan,nan,nan,nan,nan,nan,nan,nan,nan,nan,nan,nan,nan,nan,nan,nan,nan,nan,nan,nan,nan,nan,nan,nan,nan,nan,nan,nan,nan,nan,nan,nan,nan,nan,nan,nan,nan,nan,nan,nan,nan,nan,nan,nan,nan,nan,nan,nan,nan,nan,nan,nan,nan,nan,nan,nan,nan,nan,nan,nan,nan,nan,nan,nan,nan,nan,nan,nan,nan,nan,nan,nan,nan,nan,nan,nan,nan,nan,nan,nan,nan,nan,nan,nan,nan,nan,nan,nan,nan,nan,nan,nan,nan,nan,nan,nan,nan,nan,nan,nan,nan,nan,nan,nan,nan,nan,nan,nan,nan,nan,nan,nan,nan,nan,nan,nan,nan,nan,nan,nan,nan,nan,nan,nan,nan,nan,nan,nan,nan,nan,nan,nan,nan,nan,nan,nan,nan,nan,nan,nan,nan,nan,nan,nan,nan,nan,nan,nan,nan,nan,nan,nan,nan,nan,nan,nan,nan,nan,nan,nan,nan,nan,nan,nan,nan,nan,nan,nan,nan,nan,nan,nan,nan,nan,nan,nan,nan,nan,nan,nan,nan,nan,nan,nan,nan,nan,nan,nan,nan,nan,nan,nan,nan,nan,nan,nan,nan,nan,nan,nan,nan,nan,nan,nan,nan,nan,nan,nan,nan,nan,nan,nan,nan,nan,nan,nan,nan,nan,nan,nan,nan,nan,nan,nan,nan,nan,nan,nan,nan,nan,nan,nan,nan,nan,nan,nan,nan,nan,nan,nan,nan,nan,nan,nan,nan,nan,nan,nan,nan,nan,nan,nan,nan,nan,nan,nan,nan,nan,nan,nan,nan,nan,nan,nan,nan,nan,nan,nan,nan,nan,nan,nan,nan,nan,nan,nan,nan,nan,nan,nan,nan,nan,nan,nan,nan,nan,nan,nan,nan,nan,nan,nan,nan,nan,nan,nan,nan,nan,nan,nan,nan,nan,nan,nan,nan,nan,nan,nan,nan,nan,nan,nan,nan,nan,nan,nan,nan,nan,nan,nan,nan,nan,nan,nan,nan,nan,nan,nan,nan,nan,nan,nan,nan,nan,nan,nan,nan,nan,nan,nan,nan,nan,nan,nan,nan,nan,nan,nan,nan,nan,nan,nan,nan,nan,nan,nan,nan,nan,nan,nan,nan,nan,nan,nan,nan,nan,nan,nan,nan,nan,nan,nan,nan,nan,nan,nan,nan,nan,nan,nan,nan,nan,nan,nan,nan,nan,nan,nan,nan,nan,nan,nan,nan,nan,nan,nan,nan,nan,nan,nan,nan,nan,nan,nan,nan,nan,nan,nan,nan,nan,nan,nan,nan,nan,nan,nan,nan,nan,nan,nan,nan,nan,nan,nan,nan,nan,nan,nan,nan,nan,nan,nan,nan,nan,nan,nan,nan,nan,nan,nan,nan,nan,nan,nan,nan,nan,nan,nan,nan,nan,nan,nan,nan,nan,nan,nan,nan,nan,nan,nan,nan,nan,nan,nan,nan,nan,nan,nan,nan,nan,nan,nan,nan,nan,nan,nan,nan,nan,nan,nan,nan,nan,nan,nan,nan,nan,nan,nan,nan,nan,nan,nan,nan,nan,nan,nan,nan,nan,nan,nan,nan,nan,nan,nan,nan,nan,nan,nan,nan,nan,nan,nan,nan,nan,nan,nan,nan,nan,nan,nan,nan,nan,nan,nan,nan,nan,nan,nan,nan,nan,nan,nan,nan,nan,nan,nan,nan,nan,nan,nan,nan,nan,nan,nan,nan,nan,nan,nan,nan,nan,nan,nan,nan,nan,nan,nan,nan,nan,nan,nan,nan,nan,nan,nan,nan,nan,nan,nan,nan,nan,nan,nan,nan,nan,nan,nan,nan,nan,nan,nan,nan,nan,nan,nan,nan,nan,nan,nan,nan,nan,nan,nan,nan,nan,nan,nan,nan,nan,nan,nan,nan,nan,nan,nan,nan,nan,nan,nan,nan,nan,nan,nan,nan,nan,nan,nan,nan,nan,nan,nan,nan,nan,nan,nan,nan,nan,nan,nan,nan,nan,nan,nan,nan,nan,nan,nan,nan,nan,nan,nan,nan,nan,nan,nan,nan,nan,nan,nan,nan,nan,nan,nan,nan,nan,nan,nan,nan,nan,nan,nan,nan,nan,nan,nan,nan,nan,nan,nan,nan,nan,nan,nan,nan,nan,nan,nan,nan,nan,nan,nan,nan,nan,nan,nan,nan,nan,nan,nan,nan,nan,nan,nan,nan,nan,nan,nan,nan,nan,nan,nan,nan,nan,nan,nan,nan,nan,nan,nan,nan,nan,nan,nan,nan,nan,nan,nan,nan,nan,nan,nan,nan,nan,nan,nan,nan,nan,nan,nan,nan,nan,nan,nan,nan,nan,nan,nan,nan,nan,nan,nan,nan,nan,nan,nan,nan,nan,nan,nan,nan,nan,nan,nan,nan,nan,nan,nan,nan,nan,nan,nan,nan,nan,nan,nan,nan,nan,nan,nan,nan,nan,nan,nan,nan,nan,nan,nan,nan,nan,nan,nan,nan,nan,nan,nan,nan,nan,nan,nan,nan,nan,nan,nan,nan,nan,nan,nan,nan,nan,nan,nan,nan,nan,nan,nan,nan,nan,nan,nan,nan,nan,nan,nan,nan,nan,nan,nan,nan,nan,nan,nan,nan,nan,nan,nan,nan,nan,nan,nan,nan,nan,nan,nan,nan,nan,nan,nan,nan,nan,nan,nan,nan,nan,nan,nan,nan,nan,nan,nan,nan,nan,nan,nan,nan,nan,nan,nan,nan,nan,nan,nan,nan,nan,nan,nan,nan,nan,nan,nan,nan,nan,nan,nan,nan,nan,nan,nan,nan,nan,nan,nan,nan,nan,nan,nan,nan,nan,nan,nan,nan,nan,nan,nan,nan,nan,nan,nan,nan,nan,nan,nan,nan,nan,nan,nan,nan,nan,nan,nan,nan,nan,nan,nan,nan,nan,nan,nan,nan,nan,nan,nan,nan,nan,nan,nan,nan,nan,nan,nan,nan,nan,nan,nan,nan,nan,nan,nan,nan,nan,nan,nan,nan,nan,nan,nan,nan,nan,nan,nan,nan,nan,nan,nan,nan,nan,nan,nan,nan,nan,nan,nan,nan,nan,nan,nan,nan,nan,nan,nan,nan,nan,nan,nan,nan,nan,nan,nan,nan,nan,nan,nan,nan,nan,nan,nan,nan,nan,nan,nan,nan,nan,nan,nan,nan,nan,nan,nan,nan,nan,nan,nan,nan,nan,nan,nan,nan,nan,nan,nan,nan,nan,nan,nan,nan,nan,nan,nan,nan,nan,nan,nan,nan,nan,nan,nan,nan,nan,nan,nan,nan,nan,nan,nan,nan,nan,nan,nan,nan,nan,nan,nan,nan,nan,nan,nan,nan,nan,nan,nan,nan,nan,nan,nan,nan,nan,nan,nan,nan,nan,nan,nan,nan,nan,nan,nan,nan,nan,nan,nan,nan,nan,nan,nan,nan,nan,nan,nan,nan,nan,nan,nan,nan,nan,nan,nan,nan,nan,nan,nan,nan,nan,nan,nan,nan,nan,nan,nan,nan,nan,nan,nan,nan,nan,nan,nan,nan,nan,nan,nan,nan,nan,nan,nan,nan,nan,nan,nan,nan,nan,nan,nan,nan,nan,nan,nan,nan,nan,nan,nan,nan,nan,nan,nan,nan,nan,nan,nan,nan,nan,nan,nan,nan,nan,nan,nan,nan,nan,nan,nan,nan,nan,nan,nan,nan,nan,nan,nan,nan,nan,nan,nan,nan,nan,nan,nan,nan,nan,nan,nan,nan,nan,nan,nan,nan,nan,nan,nan,nan,nan,nan,nan,nan,nan,nan,nan,nan,nan,nan,nan,nan,nan,nan,nan,nan,nan,nan,nan,nan,nan,nan,nan,nan,nan,nan,nan,nan,nan,nan,nan,nan,nan,nan,nan,nan,nan,nan,nan,nan,nan,nan,nan,nan,nan,nan,nan,nan,nan,nan,nan,nan,nan,nan,nan,nan,nan,nan,nan,nan,nan,nan,nan,nan,nan,nan,nan,nan,nan,nan,nan,nan,nan,nan,nan,nan,nan,nan,nan,nan,nan,nan,nan,nan,nan,nan,nan,nan,nan,nan,nan,nan,nan,nan,nan,nan,nan,nan,nan,nan,nan,nan,nan,nan,nan,nan,nan,nan,nan,nan,nan,nan,nan,nan,nan,nan,nan,nan,nan,nan,nan,nan,nan,nan,nan,nan,nan,nan,nan,nan,nan,nan,nan,nan,nan,nan,nan,nan,nan,nan,nan,nan,nan,nan,nan,nan,nan,nan,nan,nan,nan,nan,nan,nan,nan,nan,nan,nan,nan,nan,nan,nan,nan,nan,nan,nan,nan,nan,nan,nan,nan,nan,nan,nan,nan,nan,nan,nan,nan,nan,nan,nan,nan,nan,nan,nan,nan,nan,nan,nan,nan,nan,nan,nan,nan,nan,nan,nan,nan,nan,nan,nan,nan,nan,nan,nan,nan,nan,nan,nan,nan,nan,nan,nan,nan,nan,nan,nan,nan,nan,nan,nan,nan,nan,nan,nan,nan,nan,nan,nan,nan,nan,nan,nan,nan,nan,nan,nan,nan,nan,nan,nan,nan,nan,nan,nan,nan,nan,nan,nan,nan,nan,nan,nan,nan,nan,nan,nan,nan,nan,nan,nan,nan,nan,nan,nan,nan,nan,nan,nan,nan,nan,nan,nan,nan,nan,nan,nan,nan,nan,nan,nan,nan,nan,nan,nan,nan,nan,nan,nan,nan,nan,nan,nan,nan,nan,nan,nan,nan,nan,nan,nan,nan,nan,nan,nan,nan,nan,nan,nan,nan,nan,nan,nan,nan,nan,nan,nan,nan,nan,nan,nan,nan,nan,nan,nan,nan,nan,nan,nan,nan,nan,nan,nan,nan,nan,nan,nan,nan,nan,nan,nan,nan,nan,nan,nan,nan,nan,nan,nan,nan,nan,nan,nan,nan,nan,nan,nan,nan,nan,nan,nan,nan,nan,nan,nan,nan,nan,nan,nan,nan,nan,nan,nan,nan,nan,nan,nan,nan,nan,nan,nan,nan,nan,nan,nan,nan,nan,nan,nan,nan,nan,nan,nan,nan,nan,nan,nan,nan,nan,nan,nan,nan,nan,nan,nan,nan,nan,nan,nan,nan,nan,nan,nan,nan,nan,nan,nan,nan,nan,nan,nan,nan,nan,nan,nan,nan,nan,nan,nan,nan,nan,nan,nan,nan,nan,nan,nan,nan,nan,nan,nan,nan,nan,nan,nan,nan,nan,nan,nan,nan,nan,nan,nan,nan,nan,nan,nan,nan,nan,nan,nan,nan,nan,nan,nan,nan,nan,nan,nan,nan,nan,nan,nan,nan,nan,nan,nan,nan,nan,nan,nan,nan,nan,nan,nan,nan,nan,nan,nan,nan,nan,nan,nan,nan,nan,nan,nan,nan,nan,nan,nan,nan,nan,nan,nan,nan,nan,nan,nan,nan,nan,nan,nan,nan,nan,nan,nan,nan,nan,nan,nan,nan,nan,nan,nan,nan,nan,nan,nan,nan,nan,nan,nan,nan,nan,nan,nan,nan,nan,nan,nan,nan,nan,nan,nan,nan,nan,nan,nan,nan,nan,nan,nan,nan,nan,nan,nan,nan,nan,nan,nan,nan,nan,nan,nan,nan,nan,nan,nan,nan,nan,nan,nan,nan,nan,nan,nan,nan,nan,nan,nan,nan,nan,nan,nan,nan,nan,nan,nan,nan,nan,nan,nan,nan,nan,nan,nan,nan,nan,nan,nan,nan,nan,nan,nan,nan,nan,nan,nan,nan,nan,nan,nan,nan,nan,nan,nan,nan,nan,nan,nan,nan,nan,nan,nan,nan,nan,nan,nan,nan,nan,nan,nan,nan,nan,nan,nan,nan,nan,nan,nan,nan,nan,nan,nan,nan,nan,nan,nan,nan,nan,nan,nan,nan,nan,nan,nan,nan,nan,nan,nan,nan,nan,nan,nan,nan,nan,nan,nan,nan,nan,nan,nan,nan,nan,nan,nan,nan,nan,nan,nan,nan,nan,nan,nan,nan,nan,nan,nan,nan,nan,nan,nan,nan,nan,nan,nan,nan,nan,nan,nan,nan,nan,nan,nan,nan,nan,nan,nan,nan,nan,nan,nan,nan,nan,nan,nan,nan,nan,nan,nan,nan,nan,nan,nan,nan,nan,nan,nan,nan,nan,nan,nan,nan,nan,nan,nan,nan,nan,nan,nan,nan,nan,nan,nan,nan,nan,nan,nan,nan,nan,nan,nan,nan,nan,nan,nan,nan,nan,nan,nan,nan,nan,nan,nan,nan,nan,nan,nan,nan,nan,nan,nan,nan,nan,nan,nan,nan,nan,nan,nan,nan,nan,nan,nan,nan,nan,nan,nan,nan,nan,nan,nan,nan,nan,nan,nan,nan,nan,nan,nan,nan,nan,nan,nan,nan,nan,nan,nan,nan,nan,nan,nan,nan,nan,nan,nan,nan,nan,nan,nan,nan,nan,nan,nan,nan,nan,nan,nan,nan,nan,nan,nan,nan,nan,nan,nan,nan,nan,nan,nan,nan,nan,nan,nan,nan,nan,nan,nan,nan,nan,nan,nan,nan,nan,nan,nan,nan,nan,nan,nan,nan,nan,nan,nan,nan,nan,nan,nan,nan,nan,nan,nan,nan,nan,nan,nan,nan,nan,nan,nan,nan,nan,nan,nan,nan,nan,nan,nan,nan,nan,nan,nan,nan,nan,nan,nan,nan,nan,nan,nan,nan,nan,nan,nan,nan,nan,nan,nan,nan,nan,nan,nan,nan,nan,nan,nan,nan,nan,nan,nan,nan,nan,nan,nan,nan,nan,nan,nan,nan,nan,nan,nan,nan,nan,nan,nan,nan,nan,nan,nan,nan,nan,nan,nan,nan,nan,nan,nan,nan,nan,nan,nan,nan,nan,nan,nan,nan,nan,nan,nan,nan,nan,nan,nan,nan,nan,nan,nan,nan,nan,nan,nan,nan,nan,nan,nan,nan,nan,nan,nan,nan,nan,nan,nan,nan,nan,nan,nan,nan,nan,nan,nan,nan,nan,nan,nan,nan,nan,nan,nan,nan,nan,nan,nan,nan,nan,nan,nan,nan,nan,nan,nan,nan,nan,nan,nan,nan,nan,nan,nan,nan,nan,nan,nan,nan,nan,nan,nan,nan,nan,nan,nan,nan,nan,nan,nan,nan,nan,nan,nan,nan,nan,nan,nan,nan,nan,nan,nan,nan,nan,nan,nan,nan,nan,nan,nan,nan,nan,nan,nan,nan,nan,nan,nan,nan,nan,nan,nan,nan,nan,nan,nan,nan,nan,nan,nan,nan,nan,nan,nan,nan,nan,nan,nan,nan,nan,nan,nan,nan,nan,nan,nan,nan,nan,nan,nan,nan,nan,nan,nan,nan,nan,nan,nan,nan,nan,nan,nan,nan,nan,nan,nan,nan,nan,nan,nan,nan,nan,nan,nan,nan,nan,nan,nan,nan,nan,nan,nan,nan,nan,nan,nan,nan,nan,nan,nan,nan,nan,nan,nan,nan,nan,nan,nan,nan,nan,nan,nan,nan,nan,nan,nan,nan,nan,nan,nan,nan,nan,nan,nan,nan,nan,nan,nan,nan,nan,nan,nan,nan,nan,nan,nan,nan,nan,nan,nan,nan,nan,nan,nan,nan,nan,nan,nan,nan,nan,nan,nan,nan,nan,nan,nan,nan,nan,nan,nan,nan,nan,nan,nan,nan,nan,nan,nan,nan,nan,nan,nan,nan,nan,nan,nan,nan,nan,nan,nan,nan,nan,nan,nan,nan,nan,nan,nan,nan,nan,nan,nan,nan,nan,nan,nan,nan,nan,nan,nan,nan,nan,nan,nan,nan,nan,nan,nan,nan,nan,nan,nan,nan,nan,nan,nan,nan,nan,nan,nan,nan,nan,nan,nan,nan,nan,nan,nan,nan,nan,nan,nan,nan,nan,nan,nan,nan,nan,nan,nan,nan,nan,nan,nan,nan,nan,nan,nan,nan,nan,nan,nan,nan,nan,nan,nan,nan,nan,nan,nan,nan,nan,nan,nan,nan,nan,nan,nan,nan,nan,nan,nan,nan,nan,nan,nan,nan,nan,nan,nan,nan,nan,nan,nan,nan,nan,nan,nan,nan,nan,nan,nan,nan,nan,nan,nan,nan,nan,nan,nan,nan,nan,nan,nan,nan,nan,nan,nan,nan,nan,nan,nan,nan,nan,nan,nan,nan,nan,nan,nan,nan,nan,nan,nan,nan,nan,nan,nan,nan,nan,nan,nan,nan,nan,nan,nan,nan,nan,nan,nan,nan,nan,nan,nan,nan,nan,nan,nan,nan,nan,nan,nan,nan,nan,nan,nan,nan,nan,nan,nan,nan,nan,nan,nan,nan,nan,nan,nan,nan,nan,nan,nan,nan,nan,nan,nan,nan,nan,nan,nan,nan,nan,nan,nan,nan,nan,nan,nan,nan,nan,nan,nan,nan,nan,nan,nan,nan,nan,nan,nan,nan,nan,nan,nan,nan,nan,nan,nan,nan,nan,nan,nan,nan,nan,nan,nan,nan,nan,nan,nan,nan,nan,nan,nan,nan,nan,nan,nan,nan,nan,nan,nan,nan,nan,nan,nan,nan,nan,nan,nan,nan,nan,nan,nan,nan,nan,nan,nan,nan,nan,nan,nan,nan,nan,nan,nan,nan,nan,nan,nan,nan,nan,nan,nan,nan,nan,nan,nan,nan,nan,nan,nan,nan,nan,nan,nan,nan,nan,nan,nan,nan,nan,nan,nan,nan,nan,nan,nan,nan,nan,nan,nan,nan,nan,nan,nan,nan,nan,nan,nan,nan,nan,nan,nan,nan,nan,nan,nan,nan,nan,nan,nan,nan,nan,nan,nan,nan,nan,nan,nan,nan,nan,nan,nan,nan,nan,nan,nan,nan,nan,nan,nan,nan,nan,nan,nan,nan,nan,nan,nan,nan,nan,nan,nan,nan,nan,nan,nan,nan,nan,nan,nan,nan,nan,nan,nan,nan,nan,nan,nan,nan,nan,nan,nan,nan,nan,nan,nan,nan,nan,nan,nan,nan,nan,nan,nan,nan,nan,nan,nan,nan,nan,nan,nan,nan,nan,nan,nan,nan,nan,nan,nan,nan,nan,nan,nan,nan,nan,nan,nan,nan,nan,nan,nan,nan,nan,nan,nan,nan,nan,nan,nan,nan,nan,nan,nan,nan,nan,nan,nan,nan,nan,nan,nan,nan,nan,nan,nan,nan,nan,nan,nan,nan,nan,nan,nan,nan,nan,nan,nan,nan,nan,nan,nan,nan,nan,nan,nan,nan,nan,nan,nan,nan,nan,nan,nan,nan,nan,nan,nan,nan,nan,nan,nan,nan,nan,nan,nan,nan,nan,nan,nan,nan,nan,nan,nan,nan,nan,nan,nan,nan,nan,nan,nan,nan,nan,nan,nan,nan,nan,nan,nan,nan,nan,nan,nan,nan,nan,nan,nan,nan,nan,nan,nan,nan,nan,nan,nan,nan,nan,nan,nan,nan,nan,nan,nan,nan,nan,nan,nan,nan,nan,nan,nan,nan,nan,nan,nan,nan,nan,nan,nan,nan,nan,nan,nan,nan,nan,nan,nan,nan,nan,nan,nan,nan,nan,nan,nan,nan,nan,nan,nan,nan,nan,nan,nan,nan,nan,nan,nan,nan,nan,nan,nan,nan,nan,nan,nan,nan,nan,nan,nan,nan,nan,nan,nan,nan,nan,nan,nan,nan,nan,nan,nan,nan,nan,nan,nan,nan,nan,nan,nan,nan,nan,nan,nan,nan,nan,nan,nan,nan,nan,nan,nan,nan,nan,nan,nan,nan,nan,nan,nan,nan,nan,nan,nan,nan,nan,nan,nan,nan,nan,nan,nan,nan,nan,nan,nan,nan,nan,nan,nan,nan,nan,nan,nan,nan,nan,nan,nan,nan,nan,nan,nan,nan,nan,nan,nan,nan,nan,nan,nan,nan,nan,nan,nan,nan,nan,nan,nan,nan,nan,nan,nan,nan,nan,nan,nan,nan,nan,nan,nan,nan,nan,nan,nan,nan,nan,nan,nan,nan,nan,nan,nan,nan,nan,nan,nan,nan,nan,nan,nan,nan,nan,nan,nan,nan,nan,nan,nan,nan,nan,nan,nan,nan,nan,nan,nan,nan,nan,nan,nan,nan,nan,nan,nan,nan,nan,nan,nan,nan,nan,nan,nan,nan,nan,nan,nan,nan,nan,nan,nan,nan,nan,nan,nan,nan,nan,nan,nan,nan,nan,nan,nan,nan,nan,nan,nan,nan,nan,nan,nan,nan,nan,nan,nan,nan,nan,nan,nan,nan,nan,nan,nan,nan,nan,nan,nan,nan,nan,nan,nan,nan,nan,nan,nan,nan,nan,nan,nan,nan,nan,nan,nan,nan,nan,nan,nan,nan,nan,nan,nan,nan,nan,nan,nan,nan,nan,nan,nan,nan,nan,nan,nan,nan,nan,nan,nan,nan,nan,nan,nan,nan,nan,nan,nan,nan,nan,nan,nan,nan,nan,nan,nan,nan,nan,nan,nan,nan,nan,nan,nan,nan,nan,nan,nan,nan,nan,nan,nan,nan,nan,nan,nan,nan,nan,nan,nan,nan,nan,nan,nan,nan,nan,nan,nan,nan,nan,nan,nan,nan,nan,nan,nan,nan,nan,nan,nan,nan,nan,nan,nan,nan,nan,nan,nan,nan,nan,nan,nan,nan,nan,nan,nan,nan,nan,nan,nan,nan,nan,nan,nan,nan,nan,nan,nan,nan,nan,nan,nan,nan,nan,nan,nan,nan,nan,nan,nan,nan,nan,nan,nan,nan,nan,nan,nan,nan,nan,nan,nan,nan,nan,nan,nan,nan,nan,nan,nan,nan,nan,nan,nan,nan,nan,nan,nan,nan,nan,nan,nan,nan,nan,nan,nan,nan,nan,nan,nan,nan,nan,nan,nan,nan,nan,nan,nan,nan,nan,nan,nan,nan,nan,nan,nan,nan,nan,nan,nan,nan,nan,nan,nan,nan,nan,nan,nan,nan,nan,nan,nan,nan,nan,nan,nan,nan,nan,nan,nan,nan,nan,nan,nan,nan,nan,nan,nan,nan,nan,nan,nan,nan,nan,nan,nan,nan,nan,nan,nan,nan,nan,nan,nan,nan,nan,nan,nan,nan,nan,nan,nan,nan,nan,nan,nan,nan,nan,nan,nan,nan,nan,nan,nan,nan,nan,nan,nan,nan,nan,nan,nan,nan,nan,nan,nan,nan,nan,nan,nan,nan,nan,nan,nan,nan,nan,nan,nan,nan,nan,nan,nan,nan,nan,nan,nan,nan,nan,nan,nan,nan,nan,nan,nan,nan,nan,nan,nan,nan,nan,nan,nan,nan,nan,nan,nan,nan,nan,nan,nan,nan,nan,nan,nan,nan,nan,nan,nan,nan,nan,nan,nan,nan,nan,nan,nan,nan,nan,nan,nan,nan,nan,nan,nan,nan,nan,nan,nan,nan,nan,nan,nan,nan,nan,nan,nan,nan,nan,nan,nan,nan,nan,nan,nan,nan,nan,nan,nan,nan,nan,nan,nan,nan,nan,nan,nan,nan,nan,nan,nan,nan,nan,nan,nan,nan,nan,nan,nan,nan,nan,nan,nan,nan,nan,nan,nan,nan,nan,nan,nan,nan,nan,nan,nan,nan,nan,nan,nan,nan,nan,nan,nan,nan,nan,nan,nan,nan,nan,nan,nan,nan,nan,nan,nan,nan,nan,nan,nan,nan,nan,nan,nan,nan,nan,nan,nan,nan,nan,nan,nan,nan,nan,nan,nan,nan,nan,nan,nan,nan,nan,nan,nan,nan,nan,nan,nan,nan,nan,nan,nan,nan,nan,nan,nan,nan,nan,nan,nan,nan,nan,nan,nan,nan,nan,nan,nan,nan,nan,nan,nan,nan,nan,nan,nan,nan,nan,nan,nan,nan,nan,nan,nan,nan,nan,nan,nan,nan,nan,nan,nan,nan,nan,nan,nan,nan,nan,nan,nan,nan,nan,nan,nan,nan,nan,nan,nan,nan,nan,nan,nan,nan,nan,nan,nan,nan,nan,nan,nan,nan,nan,nan,nan,nan,nan,nan,nan,nan,nan,nan,nan,nan,nan,nan,nan,nan,nan,nan,nan,nan,nan,nan,nan,nan,nan,nan,nan,nan,nan,nan,nan,nan,nan,nan,nan,nan,nan,nan,nan,nan,nan,nan,nan,nan,nan,nan,nan,nan,nan,nan,nan,nan,nan,nan,nan,nan,nan,nan,nan,nan,nan,nan,nan,nan,nan,nan,nan,nan,nan,nan,nan,nan,nan,nan,nan,nan,nan,nan,nan,nan,nan,nan,nan,nan,nan,nan,nan,nan,nan,nan,nan,nan,nan,nan,nan,nan,nan,nan,nan,nan,nan,nan,nan,nan,nan,nan,nan,nan,nan,nan,nan,nan,nan,nan,nan,nan,nan,nan,nan,nan,nan,nan,nan,nan,nan,nan,nan,nan,nan,nan,nan,nan,nan,nan,nan,nan,nan,nan,nan,nan,nan,nan,nan,nan,nan,nan,nan,nan,nan,nan,nan,nan,nan,nan,nan,nan,nan,nan,nan,nan,nan,nan,nan,nan,nan,nan,nan,nan,nan,nan,nan,nan,nan,nan,nan,nan,nan,nan,nan,nan,nan,nan,nan,nan,nan,nan,nan,nan,nan,nan,nan,nan,nan,nan,nan,nan,nan,nan,nan,nan,nan,nan,nan,nan,nan,nan,nan,nan,nan,nan,nan,nan,nan,nan,nan,nan,nan,nan,nan,nan,nan,nan,nan,nan,nan,nan,nan,nan,nan,nan,nan,nan,nan,nan,nan,nan,nan,nan,nan,nan,nan,nan,nan,nan,nan,nan,nan,nan,nan,nan,nan,nan,nan,nan,nan,nan,nan,nan,nan,nan,nan,nan,nan,nan,nan,nan,nan,nan,nan,nan,nan,nan,nan,nan,nan,nan,nan,nan,nan,nan,nan,nan,nan,nan,nan,nan,nan,nan,nan,nan,nan,nan,nan,nan,nan,nan,nan,nan,nan,nan,nan,nan,nan,nan,nan,nan,nan,nan,nan,nan,nan,nan,nan,nan,nan,nan,nan,nan,nan,nan,nan,nan,nan,nan,nan,nan,nan,nan,nan,nan,nan,nan,nan,nan,nan,nan,nan,nan,nan,nan,nan,nan,nan,nan,nan,nan,nan,nan,nan,nan,nan,nan,nan,nan,nan,nan,nan,nan,nan,nan,nan,nan,nan,nan,nan,nan,nan,nan,nan,nan,nan,nan,nan,nan,nan,nan,nan,nan,nan,nan,nan,nan,nan,nan,nan,nan,nan,nan,nan,nan,nan,nan,nan,nan,nan,nan,nan,nan,nan,nan,nan,nan,nan,nan,nan,nan,nan,nan,nan,nan,nan,nan,nan,nan,nan,nan,nan,nan,nan,nan,nan,nan,nan,nan,nan,nan,nan,nan,nan,nan,nan,nan,nan,nan,nan,nan,nan,nan,nan,nan,nan,nan,nan,nan,nan,nan,nan,nan,nan,nan,nan,nan,nan,nan,nan,nan,nan,nan,nan,nan,nan,nan,nan,nan,nan,nan,nan,nan,nan,nan,nan,nan,nan,nan,nan,nan,nan,nan,nan,nan,nan,nan,nan,nan,nan,nan,nan,nan,nan,nan,nan,nan,nan,nan,nan,nan,nan,nan,nan,nan,nan,nan,nan,nan,nan,nan,nan,nan,nan,nan,nan,nan,nan,nan,nan,nan,nan,nan,nan,nan,nan,nan,nan,nan,nan,nan,nan,nan,nan,nan,nan,nan,nan,nan,nan,nan,nan,nan,nan,nan,nan,nan,nan,nan,nan,nan,nan,nan,nan,nan,nan,nan,nan,nan,nan,nan,nan,nan,nan,nan,nan,nan,nan,nan,nan,nan,nan,nan,nan,nan,nan,nan,nan,nan,nan,nan,nan,nan,nan,nan,nan,nan,nan,nan,nan,nan,nan,nan,nan,nan,nan,nan,nan,nan,nan,nan,nan,nan,nan,nan,nan,nan,nan,nan,nan,nan,nan,nan,nan,nan,nan,nan,nan,nan,nan,nan,nan,nan,nan,nan,nan,nan,nan,nan,nan,nan,nan,nan,nan,nan,nan,nan,nan,nan,nan,nan,nan,nan,nan,nan,nan,nan,nan,nan,nan,nan,nan,nan,nan,nan,nan,nan,nan,nan,nan,nan,nan,nan,nan,nan,nan,nan,nan,nan,nan,nan,nan,nan,nan,nan,nan,nan,nan,nan,nan,nan,nan,nan,nan,nan,nan,nan,nan,nan,nan,nan,nan,nan,nan,nan,nan,nan,nan,nan,nan,nan,nan,nan,nan,nan,nan,nan,nan,nan,nan,nan,nan,nan,nan,nan,nan,nan,nan,nan,nan,nan,nan,nan,nan,nan,nan,nan,nan,nan,nan,nan,nan,nan,nan,nan,nan,nan,nan,nan,nan,nan,nan,nan,nan,nan,nan,nan,nan,nan,nan,nan,nan,nan,nan,nan,nan,nan,nan,nan,nan,nan,nan,nan,nan,nan,nan,nan,nan,nan,nan,nan,nan,nan,nan,nan,nan,nan,nan,nan,nan,nan,nan,nan,nan,nan,nan,nan,nan,nan,nan,nan,nan,nan,nan,nan,nan,nan,nan,nan,nan,nan,nan,nan,nan,nan,nan,nan,nan,nan,nan,nan,nan,nan,nan,nan,nan,nan,nan,nan,nan,nan,nan,nan,nan,nan,nan,nan,nan,nan,nan,nan,nan,nan,nan,nan,nan,nan,nan,nan,nan,nan,nan,nan,nan,nan,nan,nan,nan,nan,nan,nan,nan,nan,nan,nan,nan,nan,nan,nan,nan,nan,nan,nan,nan,nan,nan,nan,nan,nan,nan,nan,nan,nan,nan,nan,nan,nan,nan,nan,nan,nan,nan,nan,nan,nan,nan,nan,nan,nan,nan,nan,nan,nan,nan,nan,nan,nan,nan,nan,nan,nan,nan,nan,nan,nan,nan,nan,nan,nan,nan,nan,nan,nan,nan,nan,nan,nan,nan,nan,nan,nan,nan,nan,nan,nan,nan,nan,nan,nan,nan,nan,nan,nan,nan,nan,nan,nan,nan,nan,nan,nan,nan,nan,nan,nan,nan,nan,nan,nan,nan,nan,nan,nan,nan,nan,nan,nan,nan,nan,nan,nan,nan,nan,nan,nan,nan,nan,nan,nan,nan,nan,nan,nan,nan,nan,nan,nan,nan,nan,nan,nan,nan,nan,nan,nan,nan,nan,nan,nan,nan,nan,nan,nan,nan,nan,nan,nan,nan,nan,nan,nan,nan,nan,nan,nan,nan,nan,nan,nan,nan,nan,nan,nan,nan,nan,nan,nan,nan,nan,nan,nan,nan,nan,nan,nan,nan,nan,nan,nan,nan,nan,nan,nan,nan,nan,nan,nan,nan,nan,nan,nan,nan,nan,nan,nan,nan,nan,nan,nan,nan,nan,nan,nan,nan,nan,nan,nan,nan,nan,nan,nan,nan,nan,nan,nan,nan,nan,nan,nan,nan,nan,nan,nan,nan,nan,nan,nan,nan,nan,nan,nan,nan,nan,nan,nan,nan,nan,nan,nan,nan,nan,nan,nan,nan,nan,nan,nan,nan,nan,nan,nan,nan,nan,nan,nan,nan,nan,nan,nan,nan,nan,nan,nan,nan,nan,nan,nan,nan,nan,nan,nan,nan,nan,nan,nan,nan,nan,nan,nan,nan,nan,nan,nan,nan,nan,nan,nan,nan,nan,nan,nan,nan,nan,nan,nan,nan,nan,nan,nan,nan,nan,nan,nan,nan,nan,nan,nan,nan,nan,nan,nan,nan,nan,nan,nan,nan,nan,nan,nan,nan,nan,nan,nan,nan,nan,nan,nan,nan,nan,nan,nan,nan,nan,nan,nan,nan,nan,nan,nan,nan,nan,nan,nan,nan,nan,nan,nan,nan,nan,nan,nan,nan,nan,nan,nan,nan,nan,nan,nan,nan,nan,nan,nan,nan,nan,nan,nan,nan,nan,nan,nan,nan,nan,nan,nan,nan,nan,nan,nan,nan,nan,nan,nan,nan,nan,nan,nan,nan,nan,nan,nan,nan,nan,nan,nan,nan,nan,nan,nan,nan,nan,nan,nan,nan,nan,nan,nan,nan,nan,nan,nan,nan,nan,nan,nan,nan,nan,nan,nan,nan,nan,nan,nan,nan,nan,nan,nan,nan,nan,nan,nan,nan,nan,nan,nan,nan,nan,nan,nan,nan,nan,nan,nan,nan,nan,nan,nan,nan,nan,nan,nan,nan,nan,nan,nan,nan,nan,nan,nan,nan,nan,nan,nan,nan,nan,nan,nan,nan,nan,nan,nan,nan,nan,nan,nan,nan,nan,nan,nan,nan,nan,nan,nan,nan,nan,nan,nan,nan,nan,nan,nan,nan,nan,nan,nan,nan,nan,nan,nan,nan,nan,nan,nan,nan,nan,nan,nan,nan,nan,nan,nan,nan,nan,nan,nan,nan,nan,nan,nan,nan,nan,nan,nan,nan,nan,nan,nan,nan,nan,nan,nan,nan,nan,nan,nan,nan,nan,nan,nan,nan,nan,nan,nan,nan,nan,nan,nan,nan,nan,nan,nan,nan,nan,nan,nan,nan,nan,nan,nan,nan,nan,nan,nan,nan,nan,nan,nan,nan,nan,nan,nan,nan,nan,nan,nan,nan,nan,nan,nan,nan,nan
